   18448.976561742897        28775.071402946400        41445.190133899050        18448.976561742897        28775.071402946400        41445.190133899050        17897.343019154127        27586.016986857150        40766.920010767142     
   18450.473191333058        28776.568032536561        41446.686763489211        18448.976561742897        28775.071402946400        41445.190133899050        17898.777166285974        27587.438511293021        40768.388830669654     
   18472.922635185503        28799.017476389006        41469.136207341660        18448.976561742897        28775.071402946400        41445.190133899050        17920.072848239339        27609.013450733692        40789.975251488278     
   18570.203558546094        28896.298399749598        41566.417130702248        18448.976561742897        28775.071402946400        41445.190133899050        18339.924845528269        27698.026338977194        40883.730627159443     
   18832.113736824613        29158.208578028116        41828.327308980763        18448.976561742897        28775.071402946400        41445.190133899050        18256.683034280930        27937.800282724646        41136.183970187849     
   19384.370055594743        29710.464896798247        42380.583627750893        18448.976561742897        28775.071402946400        41445.190133899050        18140.125855320504        28441.896573431564        40960.677405127972     
   20388.608510594084        30714.703351797587        43384.822082750237        18448.976561742897        28775.071402946400        41445.190133899050        19013.397549081368        29357.675036314835        40807.632071836430     
   22042.384207724150        32368.479048927649        45038.597779880300        18448.976561742897        28775.071402946400        41445.190133899050        19381.176550762604        29730.855482235733        40701.285379510162     
   24579.171363050355        34905.266204253858        47575.384935206508        18448.976561742897        28775.071402946400        41445.190133899050        19904.864331451157        30262.226481473263        42746.082660636181     
   28268.363302802034        38594.458144005534        51264.576874958184        18448.976561742897        28775.071402946400        41445.190133899050        20587.403817788196        30926.955949903382        43244.366150011861     
   33415.272463372428        43741.367304575935        56411.486035528578        18448.976561742897        28775.071402946400        41445.190133899050        21422.362563564180        31761.630141220434        43909.434743866790     
   40361.130391318693        50687.225232522193        63357.343963474850        18448.976561742897        28775.071402946400        41445.190133899050        22407.371240780874        32761.409535071671        44637.515875995625     
   49483.087743361903        59809.182584565409        72479.301315518067        18448.976561742897        28775.071402946400        41445.190133899050        23553.008910077177        33903.501297684546        45316.145179941697     
   61194.214286387010        71520.309127590517        84190.427858543175        18448.976561742897        28775.071402946400        41445.190133899050        24868.875045457567        35133.859784749788        43709.722074473160     
   75943.498897442914        86269.593738646421        98939.712469599064        18448.976561742897        28775.071402946400        41445.190133899050        26351.754028986987        36402.965086665674        43774.809636580270     
   94215.849563742406        104541.94440494591        117212.06313589856        18448.976561742897        28775.071402946400        41445.190133899050        27652.313575155120        36931.034368867331        44265.727223433125     
   116532.09338266221        126858.18822386571        139528.30695481837        18448.976561742897        28775.071402946400        41445.190133899050        29222.382761506942        37913.250977996540        45078.122768554407     
   143448.97656174292        153775.07140294643        166445.19013389907        18448.976561742897        28775.071402946400        41445.190133899050        30825.481927902580        38933.087667787819        46190.539515167293     
   175559.16441868906        185885.25925989257        198555.37799084521        18448.976561742897        28775.071402946400        41445.190133899050        32548.814249008417        40371.329366341015        47810.237197775779     
   213491.24138136912        223817.33622257263        236487.45495352527        18448.976561742897        28775.071402946400        41445.190133899050        34486.697978821394        41981.344491821503        50317.206914317205     
   257909.71098781540        268235.80582901894        280905.92455997155        18448.976561742897        28775.071402946400        41445.190133899050        36668.328151347923        44497.645300355805        52402.021649841401     
   309514.99588622421        319841.09072742774        332511.20945838036        18448.976561742897        28775.071402946400        41445.190133899050        39154.104248956675        47679.774994560568        55462.498074591284     
   369043.43783495564        379369.53267615917        392039.65140711179        18448.976561742897        28775.071402946400        41445.190133899050        42714.413956066273        50980.575598076313        58846.047501492343     
   437267.29770253383        447593.39254373731        460263.51127468998        18448.976561742897        28775.071402946400        41445.190133899050        47135.186302326285        54728.727792245845        63581.047239580213     
   514994.75546764705        525320.85030885052        537990.96903980325        18448.976561742897        28775.071402946400        41445.190133899050        51240.775817486996        59338.842631684282        67660.938194764938     
   603069.91021914675        613396.00506035017        626066.12379130290        18448.976561742897        28775.071402946400        41445.190133899050        56353.532963265396        64177.087363895313        73284.045860276965     
   702372.78015604883        712698.87499725225        725368.99372820498        18448.976561742897        28775.071402946400        41445.190133899050        61013.397935332723        68452.486266306340        77287.531793272734     
   813819.30258753314        824145.39742873656        836815.51615968929        18448.976561742897        28775.071402946400        41445.190133899050        68619.456295062744        77978.361706557829        84334.072645296270     
   938361.33393294329        948687.42877414671        961357.54750509944        18448.976561742897        28775.071402946400        41445.190133899050        75633.417034427563        83858.344777732680        90086.143693140475     
   1076986.6497217864        1087312.7445629900        1099982.8632939425        18448.976561742897        28775.071402946400        41445.190133899050        85281.737450917921        92769.182306672388        102322.06116217788     
   1230718.9445937350        1241045.0394349387        1253715.1581658912        18448.976561742897        28775.071402946400        41445.190133899050        95139.772754636011        103881.80702976954        110904.59968610764     
   1400617.8322986232        1410943.9271398268        1423614.0458707793        18448.976561742897        28775.071402946400        41445.190133899050        106481.69188510654        114161.11523735381        123422.12706140989     
   1587778.8456964518        1598104.9405376555        1610775.0592686080        18448.976561742897        28775.071402946400        41445.190133899050        121769.14570391239        127855.71419019092        139175.88821219368     
   1793333.4367573834        1803659.5315985871        1816329.6503295396        18448.976561742897        28775.071402946400        41445.190133899050        139483.17531815436        146357.35419475127        158443.95057874697     
   2018448.9765617433        2028775.0714029470        2041445.1901338995        18448.976561742897        28775.071402946400        41445.190133899050        164351.24626836402        168540.65364546955        174108.26204398202     
