   18448.976561742897        28775.071402946400        41445.190133899050        18448.976561742897        28775.071402946400        41445.190133899050        18223.039793647342        28173.280184811221        40022.299374150978     
   18450.473191333058        28776.568032536561        41446.686763489211        18448.976561742897        28775.071402946400        41445.190133899050        18224.494035296757        28174.613814903809        40023.728526793508     
   18472.922635185503        28799.017476389006        41469.136207341660        18448.976561742897        28775.071402946400        41445.190133899050        18246.049805607247        28196.141661377624        40044.763890540460     
   18570.203558546094        28896.298399749598        41566.417130702248        18448.976561742897        28775.071402946400        41445.190133899050        18012.036865517410        27693.039883544567        40133.376496144694     
   18832.113736824613        29158.208578028116        41828.327308980763        18448.976561742897        28775.071402946400        41445.190133899050        18253.654322567214        27927.292349100564        40371.723696868285     
   19384.370055594743        29710.464896798247        42380.583627750893        18448.976561742897        28775.071402946400        41445.190133899050        18761.996056921671        28420.339668678469        40874.425127836323     
   20388.608510594084        30714.703351797587        43384.822082750237        18448.976561742897        28775.071402946400        41445.190133899050        18983.317161885454        29313.921677712446        40663.215975532687     
   22042.384207724150        32368.479048927649        45038.597779880300        18448.976561742897        28775.071402946400        41445.190133899050        19356.775162354708        29627.060799484174        40527.985650147195     
   24579.171363050355        34905.266204253858        47575.384935206508        18448.976561742897        28775.071402946400        41445.190133899050        19900.439358342788        30062.367512436605        40487.366655638689     
   28268.363302802034        38594.458144005534        51264.576874958184        18448.976561742897        28775.071402946400        41445.190133899050        20590.702914616781        30624.363025798808        42955.911680052202     
   33415.272463372428        43741.367304575935        56411.486035528578        18448.976561742897        28775.071402946400        41445.190133899050        21424.331492072070        31319.945923505751        43438.902230649328     
   40361.130391318693        50687.225232522193        63357.343963474850        18448.976561742897        28775.071402946400        41445.190133899050        22403.291211454896        32173.312060860684        44006.901597140823     
   49483.087743361903        59809.182584565409        72479.301315518067        18448.976561742897        28775.071402946400        41445.190133899050        23506.051476623659        33164.964954367118        44490.505821718994     
   61194.214286387010        71520.309127590517        84190.427858543175        18448.976561742897        28775.071402946400        41445.190133899050        24746.300880462921        34269.132335226401        43193.159893742355     
   75943.498897442914        86269.593738646421        98939.712469599064        18448.976561742897        28775.071402946400        41445.190133899050        26110.365072420216        35448.546928807664        43352.582690723633     
   94215.849563742406        104541.94440494591        117212.06313589856        18448.976561742897        28775.071402946400        41445.190133899050        27380.000040569397        35651.730012923144        43960.015344851272     
   116532.09338266221        126858.18822386571        139528.30695481837        18448.976561742897        28775.071402946400        41445.190133899050        28904.357917770278        36651.423393739497        44821.063342158988     
   143448.97656174292        153775.07140294643        166445.19013389907        18448.976561742897        28775.071402946400        41445.190133899050        30457.683085080840        38502.303011842931        46027.130013327202     
   175559.16441868906        185885.25925989257        198555.37799084521        18448.976561742897        28775.071402946400        41445.190133899050        32142.479679229542        39995.954415069726        47699.078569134406     
   213491.24138136912        223817.33622257263        236487.45495352527        18448.976561742897        28775.071402946400        41445.190133899050        34080.044616739389        41804.831047732871        49606.884170909492     
   257909.71098781540        268235.80582901894        280905.92455997155        18448.976561742897        28775.071402946400        41445.190133899050        36370.909992320194        44158.648674072268        52005.283286928097     
   309514.99588622421        319841.09072742774        332511.20945838036        18448.976561742897        28775.071402946400        41445.190133899050        39212.348415143308        46943.439072676025        55057.865246512847     
   369043.43783495564        379369.53267615917        392039.65140711179        18448.976561742897        28775.071402946400        41445.190133899050        42180.931516378572        50420.238653657107        57895.873114709422     
   437267.29770253383        447593.39254373731        460263.51127468998        18448.976561742897        28775.071402946400        41445.190133899050        46315.444400787739        54427.905665261474        63547.750401843448     
   514994.75546764705        525320.85030885052        537990.96903980325        18448.976561742897        28775.071402946400        41445.190133899050        50132.526319917510        58202.832282048767        66733.506657593141     
   603069.91021914675        613396.00506035017        626066.12379130290        18448.976561742897        28775.071402946400        41445.190133899050        55682.863594379807        63105.729014520402        71228.039682654155     
   702372.78015604883        712698.87499725225        725368.99372820498        18448.976561742897        28775.071402946400        41445.190133899050        60951.393900034258        68895.890947154665        76927.422728960111     
   813819.30258753314        824145.39742873656        836815.51615968929        18448.976561742897        28775.071402946400        41445.190133899050        67274.539511791867        74837.443414029345        83203.615933700770     
   938361.33393294329        948687.42877414671        961357.54750509944        18448.976561742897        28775.071402946400        41445.190133899050        74066.273704558145        82150.770564419159        89293.613168822514     
   1076986.6497217864        1087312.7445629900        1099982.8632939425        18448.976561742897        28775.071402946400        41445.190133899050        82608.240056297174        90215.248607591042        97874.819495079078     
   1230718.9445937350        1241045.0394349387        1253715.1581658912        18448.976561742897        28775.071402946400        41445.190133899050        91943.388359955556        99187.289993054277        107104.78757884220     
   1400617.8322986232        1410943.9271398268        1423614.0458707793        18448.976561742897        28775.071402946400        41445.190133899050        102157.46590501434        109091.21058671894        117304.17162028310     
   1587778.8456964518        1598104.9405376555        1610775.0592686080        18448.976561742897        28775.071402946400        41445.190133899050        113845.12539811523        121461.93957800683        129903.12382953853     
   1793333.4367573834        1803659.5315985871        1816329.6503295396        18448.976561742897        28775.071402946400        41445.190133899050        128729.85556133951        137944.52562175965        146167.11172976857     
   2018448.9765617433        2028775.0714029470        2041445.1901338995        18448.976561742897        28775.071402946400        41445.190133899050        146266.23757012564        154616.35626704377        163033.12605670094     
