   18448.976561742897        28775.071402946400        41445.190133899050        18448.976561742897        28775.071402946400        41445.190133899050        17141.749829571585        26241.805010130389        38899.085410071639     
   18450.473191333058        28776.568032536561        41446.686763489211        18448.976561742897        28775.071402946400        41445.190133899050        17143.001210680093        26243.097954133387        38900.461297169561     
   18472.922635185503        28799.017476389006        41469.136207341660        18448.976561742897        28775.071402946400        41445.190133899050        17163.178406016788        26261.354556835860        38919.171901563175     
   18570.203558546094        28896.298399749598        41566.417130702248        18448.976561742897        28775.071402946400        41445.190133899050        17246.591558823500        26343.102989676590        39006.664985742100     
   18832.113736824613        29158.208578028116        41828.327308980763        18448.976561742897        28775.071402946400        41445.190133899050        17472.227426873462        26560.044387995171        39235.715504263091     
   19384.370055594743        29710.464896798247        42380.583627750893        18448.976561742897        28775.071402946400        41445.190133899050        17945.622662326725        27017.373488646444        39720.062197734813     
   20388.608510594084        30714.703351797587        43384.822082750237        18448.976561742897        28775.071402946400        41445.190133899050        17853.888620410966        26339.392925259548        38887.560297896074     
   22042.384207724150        32368.479048927649        45038.597779880300        18448.976561742897        28775.071402946400        41445.190133899050        19118.597114474731        27560.397728101456        40215.505604247664     
   24579.171363050355        34905.266204253858        47575.384935206508        18448.976561742897        28775.071402946400        41445.190133899050        19492.517927623987        27489.802232570451        40060.849877118068     
   28268.363302802034        38594.458144005534        51264.576874958184        18448.976561742897        28775.071402946400        41445.190133899050        19879.980299465627        27603.256935918977        40071.763161508512     
   33415.272463372428        43741.367304575935        56411.486035528578        18448.976561742897        28775.071402946400        41445.190133899050        20447.090764339267        30392.232419300839        43284.071262540354     
   40361.130391318693        50687.225232522193        63357.343963474850        18448.976561742897        28775.071402946400        41445.190133899050        21248.190547455135        30869.977660671502        43952.320378797798     
   49483.087743361903        59809.182584565409        72479.301315518067        18448.976561742897        28775.071402946400        41445.190133899050        22213.158531411413        31552.543126601391        44517.061507952982     
   61194.214286387010        71520.309127590517        84190.427858543175        18448.976561742897        28775.071402946400        41445.190133899050        23351.989930667318        32583.689556026686        45401.745463044135     
   75943.498897442914        86269.593738646421        98939.712469599064        18448.976561742897        28775.071402946400        41445.190133899050        24662.523077354286        33885.667031220117        46463.223763496033     
   94215.849563742406        104541.94440494591        117212.06313589856        18448.976561742897        28775.071402946400        41445.190133899050        26151.092602688572        35462.024889336673        47741.698250468384     
   116532.09338266221        126858.18822386571        139528.30695481837        18448.976561742897        28775.071402946400        41445.190133899050        27886.409214668765        37296.956388281280        49221.572362935112     
   143448.97656174292        153775.07140294643        166445.19013389907        18448.976561742897        28775.071402946400        41445.190133899050        29928.000651746413        39387.806922397649        50954.408851975939     
   175559.16441868906        185885.25925989257        198555.37799084521        18448.976561742897        28775.071402946400        41445.190133899050        32308.640755937820        41730.846278923811        52898.306418734413     
   213491.24138136912        223817.33622257263        236487.45495352527        18448.976561742897        28775.071402946400        41445.190133899050        35083.289559712925        44352.089454615591        55085.641108841432     
   257909.71098781540        268235.80582901894        280905.92455997155        18448.976561742897        28775.071402946400        41445.190133899050        38180.036006245580        47247.677641869697        57526.474665709742     
   309514.99588622421        319841.09072742774        332511.20945838036        18448.976561742897        28775.071402946400        41445.190133899050        41613.455354315753        50424.946014666559        60260.461957010397     
   369043.43783495564        379369.53267615917        392039.65140711179        18448.976561742897        28775.071402946400        41445.190133899050        45377.878760650376        53905.605615567132        63350.836707679715     
   437267.29770253383        447593.39254373731        460263.51127468998        18448.976561742897        28775.071402946400        41445.190133899050        49472.993991989992        57763.791934222412        66875.615964368364     
   514994.75546764705        525320.85030885052        537990.96903980325        18448.976561742897        28775.071402946400        41445.190133899050        53989.205327161966        62048.260781593563        70812.462575225538     
   603069.91021914675        613396.00506035017        626066.12379130290        18448.976561742897        28775.071402946400        41445.190133899050        58981.925780619655        66813.943661305209        75257.056559331104     
   702372.78015604883        712698.87499725225        725368.99372820498        18448.976561742897        28775.071402946400        41445.190133899050        64534.845609928569        72130.719824059837        80268.018930584891     
   813819.30258753314        824145.39742873656        836815.51615968929        18448.976561742897        28775.071402946400        41445.190133899050        70656.503803360145        78036.345360030187        85754.864108516922     
   938361.33393294329        948687.42877414671        961357.54750509944        18448.976561742897        28775.071402946400        41445.190133899050        77480.844416229229        84598.133312626334        92070.907559020066     
   1076986.6497217864        1087312.7445629900        1099982.8632939425        18448.976561742897        28775.071402946400        41445.190133899050        84953.219144135510        91828.609019589843        98888.535370755824     
   1230718.9445937350        1241045.0394349387        1253715.1581658912        18448.976561742897        28775.071402946400        41445.190133899050        93231.559606262774        99803.032382536767        106467.68936696820     
   1400617.8322986232        1410943.9271398268        1423614.0458707793        18448.976561742897        28775.071402946400        41445.190133899050        102315.11310102450        108585.41040650304        114828.07606323983     
   1587778.8456964518        1598104.9405376555        1610775.0592686080        18448.976561742897        28775.071402946400        41445.190133899050        112297.66224375169        118246.89641550032        124031.11156059543     
   1793333.4367573834        1803659.5315985871        1816329.6503295396        18448.976561742897        28775.071402946400        41445.190133899050        123228.05542843421        128790.06566367499        134056.63804437738     
   2018448.9765617433        2028775.0714029470        2041445.1901338995        18448.976561742897        28775.071402946400        41445.190133899050        135136.81718378956        140291.88641360105        145004.70922814371     
