   18448.976561742897        28775.071402946400        41445.190133899050        18448.976561742897        28775.071402946400        41445.190133899050        18228.446321371586        28184.707746326796        40152.852251864868     
   18450.473191333058        28776.568032536561        41446.686763489211        18448.976561742897        28775.071402946400        41445.190133899050        18229.901577338285        28186.222806977421        40153.596042500940     
   18472.922635185503        28799.017476389006        41469.136207341660        18448.976561742897        28775.071402946400        41445.190133899050        18251.761671921144        28207.728820467972        40174.738239146362     
   18570.203558546094        28896.298399749598        41566.417130702248        18448.976561742897        28775.071402946400        41445.190133899050        18014.097115942277        27697.019245791023        40264.998379081881     
   18832.113736824613        29158.208578028116        41828.327308980763        18448.976561742897        28775.071402946400        41445.190133899050        18260.267092248840        27936.252815389635        40509.920453532541     
   19384.370055594743        29710.464896798247        42380.583627750893        18448.976561742897        28775.071402946400        41445.190133899050        18776.832170430789        28440.607751173578        41026.046924026639     
   20388.608510594084        30714.703351797587        43384.822082750237        18448.976561742897        28775.071402946400        41445.190133899050        19041.723820814012        29356.201311880064        40873.908833578389     
   22042.384207724150        32368.479048927649        45038.597779880300        18448.976561742897        28775.071402946400        41445.190133899050        19462.920525510024        29739.137767391032        42330.826444485887     
   24579.171363050355        34905.266204253858        47575.384935206508        18448.976561742897        28775.071402946400        41445.190133899050        20068.573342143165        30271.806403994677        42814.532006786612     
   28268.363302802034        38594.458144005534        51264.576874958184        18448.976561742897        28775.071402946400        41445.190133899050        20839.138760283393        30963.656560401898        43413.600223484420     
   33415.272463372428        43741.367304575935        56411.486035528578        18448.976561742897        28775.071402946400        41445.190133899050        21764.423084439684        31836.713759043749        44155.716922162159     
   40361.130391318693        50687.225232522193        63357.343963474850        18448.976561742897        28775.071402946400        41445.190133899050        22850.659149244948        32874.804978119850        44987.860921416417     
   49483.087743361903        59809.182584565409        72479.301315518067        18448.976561742897        28775.071402946400        41445.190133899050        24083.442129954259        34069.653102750453        45865.198111339603     
   61194.214286387010        71520.309127590517        84190.427858543175        18448.976561742897        28775.071402946400        41445.190133899050        25476.543373797333        35393.022384579148        46800.039186290291     
   75943.498897442914        86269.593738646421        98939.712469599064        18448.976561742897        28775.071402946400        41445.190133899050        27014.267797278004        36781.712939511766        47360.199780577503     
   94215.849563742406        104541.94440494591        117212.06313589856        18448.976561742897        28775.071402946400        41445.190133899050        28719.521533858904        38209.525354050238        45247.650439362122     
   116532.09338266221        126858.18822386571        139528.30695481837        18448.976561742897        28775.071402946400        41445.190133899050        30172.703934384936        38737.545126685749        45723.379348311268     
   143448.97656174292        153775.07140294643        166445.19013389907        18448.976561742897        28775.071402946400        41445.190133899050        31809.662550580382        39731.719437527630        46687.204863107007     
   175559.16441868906        185885.25925989257        198555.37799084521        18448.976561742897        28775.071402946400        41445.190133899050        33609.999058677458        41074.205518385577        48039.062239117433     
   213491.24138136912        223817.33622257263        236487.45495352527        18448.976561742897        28775.071402946400        41445.190133899050        35244.589175998510        42799.470540401358        49996.647496547637     
   257909.71098781540        268235.80582901894        280905.92455997155        18448.976561742897        28775.071402946400        41445.190133899050        37432.094303630460        44723.520055377092        53058.673114504214     
   309514.99588622421        319841.09072742774        332511.20945838036        18448.976561742897        28775.071402946400        41445.190133899050        39897.493625357209        47852.607459079787        55481.614897421015     
   369043.43783495564        379369.53267615917        392039.65140711179        18448.976561742897        28775.071402946400        41445.190133899050        42967.120443139800        51465.379881955865        58939.756044700298     
   437267.29770253383        447593.39254373731        460263.51127468998        18448.976561742897        28775.071402946400        41445.190133899050        47149.605978483065        55104.244437930727        64223.418182078043     
   514994.75546764705        525320.85030885052        537990.96903980325        18448.976561742897        28775.071402946400        41445.190133899050        51003.161703513964        59387.642423781421        68291.816214003178     
   603069.91021914675        613396.00506035017        626066.12379130290        18448.976561742897        28775.071402946400        41445.190133899050        56025.323762497028        64098.489937866718        72092.211714711593     
   702372.78015604883        712698.87499725225        725368.99372820498        18448.976561742897        28775.071402946400        41445.190133899050        62841.739809423940        70021.124792139148        77906.889011377672     
   813819.30258753314        824145.39742873656        836815.51615968929        18448.976561742897        28775.071402946400        41445.190133899050        69446.909473718741        76217.400866531447        84261.706594829113     
   938361.33393294329        948687.42877414671        961357.54750509944        18448.976561742897        28775.071402946400        41445.190133899050        76527.478090556324        82312.760793129011        90812.674619872560     
   1076986.6497217864        1087312.7445629900        1099982.8632939425        18448.976561742897        28775.071402946400        41445.190133899050        84517.402958108432        91451.418599314420        98395.915763023382     
   1230718.9445937350        1241045.0394349387        1253715.1581658912        18448.976561742897        28775.071402946400        41445.190133899050        94647.946826606305        102669.56849946947        112060.97438339167     
   1400617.8322986232        1410943.9271398268        1423614.0458707793        18448.976561742897        28775.071402946400        41445.190133899050        106832.41575790250        114857.40638418429        122887.63939637732     
   1587778.8456964518        1598104.9405376555        1610775.0592686080        18448.976561742897        28775.071402946400        41445.190133899050        120637.44650980028        129998.25716045494        137655.08677823376     
   1793333.4367573834        1803659.5315985871        1816329.6503295396        18448.976561742897        28775.071402946400        41445.190133899050        138120.54883075683        146971.64873643630        153981.32709503247     
   2018448.9765617433        2028775.0714029470        2041445.1901338995        18448.976561742897        28775.071402946400        41445.190133899050        158922.72081317735        169441.25459588951        178928.43018358888     
