   18448.976561742897        28775.071402946400        41445.190133899050        18448.976561742897        28775.071402946400        41445.190133899050        18448.976561742897        15243.500201687912        15012.394112724984     
   18450.473191333058        28776.568032536561        41446.686763489211        18448.976561742897        28775.071402946400        41445.190133899050        18450.473191333058        15243.499962329737        15014.495385616372     
   18472.922635185503        28799.017476389006        41469.136207341660        18448.976561742897        28775.071402946400        41445.190133899050        18472.922635185503        15243.498480634591        15012.513539967324     
   18570.203558546094        28896.298399749598        41566.417130702248        18448.976561742897        28775.071402946400        41445.190133899050        18570.203558546094        15243.506340627977        15013.435275234322     
   18832.113736824613        29158.208578028116        41828.327308980763        18448.976561742897        28775.071402946400        41445.190133899050        18832.113736824613        15243.520257727752        15014.508794844705     
   19384.370055594743        29710.464896798247        42380.583627750893        18448.976561742897        28775.071402946400        41445.190133899050        19384.370055594743        15243.554624483413        15015.514261246040     
   20388.608510594084        30714.703351797587        43384.822082750237        18448.976561742897        28775.071402946400        41445.190133899050        15707.611311007731        15244.237200851156        15020.575818330341     
   22042.384207724150        32368.479048927649        45038.597779880300        18448.976561742897        28775.071402946400        41445.190133899050        15707.575959159807        15244.346143072948        15023.116571075348     
   24579.171363050355        34905.266204253858        47575.384935206508        18448.976561742897        28775.071402946400        41445.190133899050        15707.600244431545        15244.525912940953        15024.303526133001     
   28268.363302802034        38594.458144005534        51264.576874958184        18448.976561742897        28775.071402946400        41445.190133899050        15707.585103441750        15246.253497167731        15039.372413661715     
   33415.272463372428        43741.367304575935        56411.486035528578        18448.976561742897        28775.071402946400        41445.190133899050        15707.612060119362        15246.669140316169        15051.021864512513     
   40361.130391318693        50687.225232522193        63357.343963474850        18448.976561742897        28775.071402946400        41445.190133899050        15707.660976070169        15251.632784294387        15075.086779548028     
   49483.087743361903        59809.182584565409        72479.301315518067        18448.976561742897        28775.071402946400        41445.190133899050        15707.716251247984        15262.818733993245        15101.397434232091     
   61194.214286387010        71520.309127590517        84190.427858543175        18448.976561742897        28775.071402946400        41445.190133899050        15707.815897203418        15265.136719456745        15130.500154874531     
   75943.498897442914        86269.593738646421        98939.712469599064        18448.976561742897        28775.071402946400        41445.190133899050        15707.984819318175        15280.574962096900        15195.016952906173     
   94215.849563742406        104541.94440494591        117212.06313589856        18448.976561742897        28775.071402946400        41445.190133899050        15708.298824267757        15296.440717166035        15280.337285275427     
   116532.09338266221        126858.18822386571        139528.30695481837        18448.976561742897        28775.071402946400        41445.190133899050        15709.066792821335        15318.112020387089        15404.628954849964     
   143448.97656174292        153775.07140294643        166445.19013389907        18448.976561742897        28775.071402946400        41445.190133899050        15711.102142717395        15352.014829305415        15539.498237089167     
   175559.16441868906        185885.25925989257        198555.37799084521        18448.976561742897        28775.071402946400        41445.190133899050        15716.600662692023        15410.072370953763        15819.660928398851     
   213491.24138136912        223817.33622257263        236487.45495352527        18448.976561742897        28775.071402946400        41445.190133899050        15728.930957795696        15497.615048310179        16292.035745136562     
   257909.71098781540        268235.80582901894        280905.92455997155        18448.976561742897        28775.071402946400        41445.190133899050        15751.952656972659        15695.404632064747        17104.465070181104     
   309514.99588622421        319841.09072742774        332511.20945838036        18448.976561742897        28775.071402946400        41445.190133899050        15804.594074608238        16105.400255380635        18190.650629065527     
   369043.43783495564        379369.53267615917        392039.65140711179        18448.976561742897        28775.071402946400        41445.190133899050        15941.149242773241        16935.220630334457        20605.922260401625     
   437267.29770253383        447593.39254373731        460263.51127468998        18448.976561742897        28775.071402946400        41445.190133899050        16319.603218618518        18792.077701929906        22864.639205446016     
   514994.75546764705        525320.85030885052        537990.96903980325        18448.976561742897        28775.071402946400        41445.190133899050        17300.043643328885        22168.802439460225        27122.308590839453     
   603069.91021914675        613396.00506035017        626066.12379130290        18448.976561742897        28775.071402946400        41445.190133899050        19884.566404160378        26512.854688333380        33007.801594168268     
   702372.78015604883        712698.87499725225        725368.99372820498        18448.976561742897        28775.071402946400        41445.190133899050        25210.854839178061        33440.041458204978        39881.833257535436     
   813819.30258753314        824145.39742873656        836815.51615968929        18448.976561742897        28775.071402946400        41445.190133899050        33967.972165866304        41516.113340982629        47626.590816855569     
   938361.33393294329        948687.42877414671        961357.54750509944        18448.976561742897        28775.071402946400        41445.190133899050        40187.597289258250        50017.360989409928        57474.555645490436     
   1076986.6497217864        1087312.7445629900        1099982.8632939425        18448.976561742897        28775.071402946400        41445.190133899050        48801.326189361629        61034.064976661073        67846.009594605915     
   1230718.9445937350        1241045.0394349387        1253715.1581658912        18448.976561742897        28775.071402946400        41445.190133899050        59381.210623681458        71870.216533138271        79130.615867459201     
   1400617.8322986232        1410943.9271398268        1423614.0458707793        18448.976561742897        28775.071402946400        41445.190133899050        68831.963047552941        80168.444822405741        92929.780695980910     
   1587778.8456964518        1598104.9405376555        1610775.0592686080        18448.976561742897        28775.071402946400        41445.190133899050        82677.793699674017        95235.537370201448        101591.58189059004     
   1793333.4367573834        1803659.5315985871        1816329.6503295396        18448.976561742897        28775.071402946400        41445.190133899050        100440.52774648211        111191.09939501730        120841.12133753917     
   2018448.9765617433        2028775.0714029470        2041445.1901338995        18448.976561742897        28775.071402946400        41445.190133899050        137147.35740080933        148516.96535254185        144691.44405062869     
