   18448.976561742897        28775.071402946400        41445.190133899050        18448.976561742897        28775.071402946400        41445.190133899050        18231.902452983486        28184.065284158329        38559.327401592789     
   18450.473191333058        28776.568032536561        41446.686763489211        18448.976561742897        28775.071402946400        41445.190133899050        18233.358357354180        28185.514394298047        38560.687176537074     
   18472.922635185503        28799.017476389006        41469.136207341660        18448.976561742897        28775.071402946400        41445.190133899050        18255.196922914402        28207.114539501847        38580.358984732564     
   18570.203558546094        28896.298399749598        41566.417130702248        18448.976561742897        28775.071402946400        41445.190133899050        18349.757705340278        27696.168485587157        38665.001558195494     
   18832.113736824613        29158.208578028116        41828.327308980763        18448.976561742897        28775.071402946400        41445.190133899050        18266.965079349757        27935.244067243802        38892.941634057657     
   19384.370055594743        29710.464896798247        42380.583627750893        18448.976561742897        28775.071402946400        41445.190133899050        18780.353458164587        28439.223653466877        37764.202906846855     
   20388.608510594084        30714.703351797587        43384.822082750237        18448.976561742897        28775.071402946400        41445.190133899050        19057.035106371412        29355.224854819797        38575.314878750403     
   22042.384207724150        32368.479048927649        45038.597779880300        18448.976561742897        28775.071402946400        41445.190133899050        19501.018271513691        29732.765260320935        37458.630874660157     
   24579.171363050355        34905.266204253858        47575.384935206508        18448.976561742897        28775.071402946400        41445.190133899050        20135.584203833583        30265.762370738383        39273.152221825643     
   28268.363302802034        38594.458144005534        51264.576874958184        18448.976561742897        28775.071402946400        41445.190133899050        20942.846818071219        30947.583528045318        38921.114862928800     
   33415.272463372428        43741.367304575935        56411.486035528578        18448.976561742897        28775.071402946400        41445.190133899050        21909.728905948934        31806.320232455953        38600.586046798417     
   40361.130391318693        50687.225232522193        63357.343963474850        18448.976561742897        28775.071402946400        41445.190133899050        23055.427665646192        32831.033788994959        38320.522881740668     
   49483.087743361903        59809.182584565409        72479.301315518067        18448.976561742897        28775.071402946400        41445.190133899050        24361.875040885578        34002.744793807440        37868.226456945304     
   61194.214286387010        71520.309127590517        84190.427858543175        18448.976561742897        28775.071402946400        41445.190133899050        25841.260610554953        35260.529720758597        38069.331515921389     
   75943.498897442914        86269.593738646421        98939.712469599064        18448.976561742897        28775.071402946400        41445.190133899050        27481.721976371606        36566.478399565902        38252.194986332885     
   94215.849563742406        104541.94440494591        117212.06313589856        18448.976561742897        28775.071402946400        41445.190133899050        29104.415762372002        37199.253626213780        38765.945041583655     
   116532.09338266221        126858.18822386571        139528.30695481837        18448.976561742897        28775.071402946400        41445.190133899050        30964.064643965350        38252.147537454366        39557.085899539656     
   143448.97656174292        153775.07140294643        166445.19013389907        18448.976561742897        28775.071402946400        41445.190133899050        32866.852620623809        39137.956289425922        40760.036050355113     
   175559.16441868906        185885.25925989257        198555.37799084521        18448.976561742897        28775.071402946400        41445.190133899050        35022.225490922523        40847.001167896044        43499.445964347331     
   213491.24138136912        223817.33622257263        236487.45495352527        18448.976561742897        28775.071402946400        41445.190133899050        37226.079415570668        42570.639846930026        44918.027614568215     
   257909.71098781540        268235.80582901894        280905.92455997155        18448.976561742897        28775.071402946400        41445.190133899050        39784.874662056565        45144.441644110419        47557.446314319612     
   309514.99588622421        319841.09072742774        332511.20945838036        18448.976561742897        28775.071402946400        41445.190133899050        42889.543961202879        47738.839316095997        50485.644565357383     
   369043.43783495564        379369.53267615917        392039.65140711179        18448.976561742897        28775.071402946400        41445.190133899050        46538.805227095967        51083.243966085232        53897.589362376952     
   437267.29770253383        447593.39254373731        460263.51127468998        18448.976561742897        28775.071402946400        41445.190133899050        50979.382562545703        56162.504064786532        57420.404057818007     
   514994.75546764705        525320.85030885052        537990.96903980325        18448.976561742897        28775.071402946400        41445.190133899050        54988.325186313268        59966.244593808726        60958.633493421657     
   603069.91021914675        613396.00506035017        626066.12379130290        18448.976561742897        28775.071402946400        41445.190133899050        61166.726217535695        64369.320110345667        66608.191942145189     
   702372.78015604883        712698.87499725225        725368.99372820498        18448.976561742897        28775.071402946400        41445.190133899050        66514.095091271476        70072.512060074034        71713.897464557289     
   813819.30258753314        824145.39742873656        836815.51615968929        18448.976561742897        28775.071402946400        41445.190133899050        74346.588018488692        76704.131971163355        77203.698232950090     
   938361.33393294329        948687.42877414671        961357.54750509944        18448.976561742897        28775.071402946400        41445.190133899050        82002.721015154559        84714.567576149988        84490.108942176666     
   1076986.6497217864        1087312.7445629900        1099982.8632939425        18448.976561742897        28775.071402946400        41445.190133899050        90469.101555544825        91891.638839077263        93262.198925670877     
   1230718.9445937350        1241045.0394349387        1253715.1581658912        18448.976561742897        28775.071402946400        41445.190133899050        100450.56183592485        101413.07288183787        103222.11937725528     
   1400617.8322986232        1410943.9271398268        1423614.0458707793        18448.976561742897        28775.071402946400        41445.190133899050        112377.89143990047        114120.90399191379        114534.79600760690     
   1587778.8456964518        1598104.9405376555        1610775.0592686080        18448.976561742897        28775.071402946400        41445.190133899050        125611.58313442188        130024.10808744682        130348.03984780761     
   1793333.4367573834        1803659.5315985871        1816329.6503295396        18448.976561742897        28775.071402946400        41445.190133899050        142946.17630035689        148773.00120756743        150921.32460049930     
   2018448.9765617433        2028775.0714029470        2041445.1901338995        18448.976561742897        28775.071402946400        41445.190133899050        161283.66293763832        176034.28646174999        175554.80073949543     
