   18448.976561742897        28775.071402946400        41445.190133899050        18448.976561742897        28775.071402946400        41445.190133899050        17151.028179023280        27436.179105998963        39974.170328434047     
   18450.473191333058        28776.568032536561        41446.686763489211        18448.976561742897        28775.071402946400        41445.190133899050        17152.281300840601        27436.876144884707        39975.443092130008     
   18472.922635185503        28799.017476389006        41469.136207341660        18448.976561742897        28775.071402946400        41445.190133899050        17169.156947775198        27457.109332932690        39995.828751663139     
   18570.203558546094        28896.298399749598        41566.417130702248        18448.976561742897        28775.071402946400        41445.190133899050        17243.892690546025        27542.114565828335        40084.174068885681     
   18832.113736824613        29158.208578028116        41828.327308980763        18448.976561742897        28775.071402946400        41445.190133899050        17444.626359485217        27770.836671152618        40321.768689953271     
   19384.370055594743        29710.464896798247        42380.583627750893        18448.976561742897        28775.071402946400        41445.190133899050        17864.204617538606        28251.034092865579        39697.975808001836     
   20388.608510594084        30714.703351797587        43384.822082750237        18448.976561742897        28775.071402946400        41445.190133899050        17863.723080582109        28116.446925413955        38961.755695708503     
   22042.384207724150        32368.479048927649        45038.597779880300        18448.976561742897        28775.071402946400        41445.190133899050        17953.339956252687        28060.251692384052        40221.684830642480     
   24579.171363050355        34905.266204253858        47575.384935206508        18448.976561742897        28775.071402946400        41445.190133899050        19268.272120148817        29784.065795061535        40114.544040089153     
   28268.363302802034        38594.458144005534        51264.576874958184        18448.976561742897        28775.071402946400        41445.190133899050        19614.017639417511        30188.498265989983        40099.948504042157     
   33415.272463372428        43741.367304575935        56411.486035528578        18448.976561742897        28775.071402946400        41445.190133899050        20251.827467543168        30699.274058668867        42991.544850807950     
   40361.130391318693        50687.225232522193        63357.343963474850        18448.976561742897        28775.071402946400        41445.190133899050        21065.420255320838        31393.668673417469        43474.227959793076     
   49483.087743361903        59809.182584565409        72479.301315518067        18448.976561742897        28775.071402946400        41445.190133899050        22027.974310997473        32281.756195102455        43801.605246634179     
   61194.214286387010        71520.309127590517        84190.427858543175        18448.976561742897        28775.071402946400        41445.190133899050        23130.697759648800        33332.536384190847        40804.662178318802     
   75943.498897442914        86269.593738646421        98939.712469599064        18448.976561742897        28775.071402946400        41445.190133899050        24381.070729545492        33647.460131777560        42588.752967458939     
   94215.849563742406        104541.94440494591        117212.06313589856        18448.976561742897        28775.071402946400        41445.190133899050        25818.078445911815        34687.589409151740        43213.605205441061     
   116532.09338266221        126858.18822386571        139528.30695481837        18448.976561742897        28775.071402946400        41445.190133899050        27275.754884989859        35825.122313622946        44144.556697543791     
   143448.97656174292        153775.07140294643        166445.19013389907        18448.976561742897        28775.071402946400        41445.190133899050        28920.942523815589        37142.156879728180        45307.793344345650     
   175559.16441868906        185885.25925989257        198555.37799084521        18448.976561742897        28775.071402946400        41445.190133899050        30801.967746765764        39135.084377310071        46840.155152853033     
   213491.24138136912        223817.33622257263        236487.45495352527        18448.976561742897        28775.071402946400        41445.190133899050        32707.234987207630        41091.222017054613        48964.898910053220     
   257909.71098781540        268235.80582901894        280905.92455997155        18448.976561742897        28775.071402946400        41445.190133899050        34966.246545695962        43351.465047095582        51347.125155826863     
   309514.99588622421        319841.09072742774        332511.20945838036        18448.976561742897        28775.071402946400        41445.190133899050        37648.087202729010        46279.699503061849        54469.402022978225     
   369043.43783495564        379369.53267615917        392039.65140711179        18448.976561742897        28775.071402946400        41445.190133899050        41105.925851015250        49733.359685023184        58537.432288707547     
   437267.29770253383        447593.39254373731        460263.51127468998        18448.976561742897        28775.071402946400        41445.190133899050        44900.255797673795        53338.446686019670        62260.852596056073     
   514994.75546764705        525320.85030885052        537990.96903980325        18448.976561742897        28775.071402946400        41445.190133899050        49566.958616667376        57768.815531512912        66198.702888110420     
   603069.91021914675        613396.00506035017        626066.12379130290        18448.976561742897        28775.071402946400        41445.190133899050        55141.686356774022        62167.783541757526        72248.418253005526     
   702372.78015604883        712698.87499725225        725368.99372820498        18448.976561742897        28775.071402946400        41445.190133899050        60357.654353769969        68048.069346288699        76199.114305083000     
   813819.30258753314        824145.39742873656        836815.51615968929        18448.976561742897        28775.071402946400        41445.190133899050        66954.691039171274        74663.512773847120        83305.972729187502     
   938361.33393294329        948687.42877414671        961357.54750509944        18448.976561742897        28775.071402946400        41445.190133899050        74767.378312773595        82155.696211347255        89653.229623267194     
   1076986.6497217864        1087312.7445629900        1099982.8632939425        18448.976561742897        28775.071402946400        41445.190133899050        83811.205963701766        91897.058148239943        97359.578241383468     
   1230718.9445937350        1241045.0394349387        1253715.1581658912        18448.976561742897        28775.071402946400        41445.190133899050        92298.313775258823        100887.99501032026        109197.67646168129     
   1400617.8322986232        1410943.9271398268        1423614.0458707793        18448.976561742897        28775.071402946400        41445.190133899050        103353.56298730230        112294.30021540260        122098.65739926338     
   1587778.8456964518        1598104.9405376555        1610775.0592686080        18448.976561742897        28775.071402946400        41445.190133899050        116568.53558058763        126194.53989121116        135697.60278947756     
   1793333.4367573834        1803659.5315985871        1816329.6503295396        18448.976561742897        28775.071402946400        41445.190133899050        135906.66184328106        147453.21659982609        152289.83002817060     
   2018448.9765617433        2028775.0714029470        2041445.1901338995        18448.976561742897        28775.071402946400        41445.190133899050        158139.22136107742        168655.14083356410        173586.16269313282     
