   18448.976561742897        28775.071402946400        41445.190133899050        18448.976561742897        28775.071402946400        41445.190133899050        17894.914774950597        28545.198325156103        40865.215731188386     
   18450.473191333058        28776.568032536561        41446.686763489211        18448.976561742897        28775.071402946400        41445.190133899050        17896.311349591459        28546.640113967056        40866.684614669051     
   18472.922635185503        28799.017476389006        41469.136207341660        18448.976561742897        28775.071402946400        41445.190133899050        17917.373604965000        28568.739468440755        40888.442700156331     
   18570.203558546094        28896.298399749598        41566.417130702248        18448.976561742897        28775.071402946400        41445.190133899050        18008.612149726050        28323.343419729157        41566.417130702248     
   18832.113736824613        29158.208578028116        41828.327308980763        18448.976561742897        28775.071402946400        41445.190133899050        18254.046729390444        28920.746945522449        40601.229147388789     
   19384.370055594743        29710.464896798247        42380.583627750893        18448.976561742897        28775.071402946400        41445.190133899050        18770.890321592593        28444.540497761274        41115.975880981503     
   20388.608510594084        30714.703351797587        43384.822082750237        18448.976561742897        28775.071402946400        41445.190133899050        19025.816717069029        29360.264734363474        42055.880318543204     
   22042.384207724150        32368.479048927649        45038.597779880300        18448.976561742897        28775.071402946400        41445.190133899050        19415.917161721365        29759.783524637161        42496.913099287201     
   24579.171363050355        34905.266204253858        47575.384935206508        18448.976561742897        28775.071402946400        41445.190133899050        19991.355491869384        30297.471646666610        43088.030481975715     
   28268.363302802034        38594.458144005534        51264.576874958184        18448.976561742897        28775.071402946400        41445.190133899050        20726.196418427760        31015.238555890988        43863.414117247739     
   33415.272463372428        43741.367304575935        56411.486035528578        18448.976561742897        28775.071402946400        41445.190133899050        21600.699054015015        31919.060709359961        44843.152745032567     
   40361.130391318693        50687.225232522193        63357.343963474850        18448.976561742897        28775.071402946400        41445.190133899050        22632.047501847614        32994.364437746495        45998.802681450245     
   49483.087743361903        59809.182584565409        72479.301315518067        18448.976561742897        28775.071402946400        41445.190133899050        23801.030740081034        34219.566502208290        47313.043937692142     
   61194.214286387010        71520.309127590517        84190.427858543175        18448.976561742897        28775.071402946400        41445.190133899050        25122.300907168690        35595.555124117003        48773.263167833429     
   75943.498897442914        86269.593738646421        98939.712469599064        18448.976561742897        28775.071402946400        41445.190133899050        26586.790187103979        37132.013726349192        50360.569264474092     
   94215.849563742406        104541.94440494591        117212.06313589856        18448.976561742897        28775.071402946400        41445.190133899050        28213.310578383916        38844.152384016808        52075.005704093637     
   116532.09338266221        126858.18822386571        139528.30695481837        18448.976561742897        28775.071402946400        41445.190133899050        30022.703666492031        40745.897102826013        53930.793008178982     
   143448.97656174292        153775.07140294643        166445.19013389907        18448.976561742897        28775.071402946400        41445.190133899050        32051.699849732569        42860.343568112716        55953.074723408412     
   175559.16441868906        185885.25925989257        198555.37799084521        18448.976561742897        28775.071402946400        41445.190133899050        34324.875449829837        45201.738120150563        58162.034100485856     
   213491.24138136912        223817.33622257263        236487.45495352527        18448.976561742897        28775.071402946400        41445.190133899050        36873.751919746661        47759.736664827818        60582.506591996847     
   257909.71098781540        268235.80582901894        280905.92455997155        18448.976561742897        28775.071402946400        41445.190133899050        39713.020752575991        50622.525047282514        63252.611018340198     
   309514.99588622421        319841.09072742774        332511.20945838036        18448.976561742897        28775.071402946400        41445.190133899050        42837.022572808928        53748.711622115079        66209.242724088515     
   369043.43783495564        379369.53267615917        392039.65140711179        18448.976561742897        28775.071402946400        41445.190133899050        46259.075537134275        57131.490630008804        69531.431346696656     
   437267.29770253383        447593.39254373731        460263.51127468998        18448.976561742897        28775.071402946400        41445.190133899050        50042.302569391177        60857.267848914984        73105.262165216700     
   514994.75546764705        525320.85030885052        537990.96903980325        18448.976561742897        28775.071402946400        41445.190133899050        54113.342611552493        64961.377484312572        77228.638098167605     
   603069.91021914675        613396.00506035017        626066.12379130290        18448.976561742897        28775.071402946400        41445.190133899050        58667.457428164373        69542.196424783819        81774.651573242925     
   702372.78015604883        712698.87499725225        725368.99372820498        18448.976561742897        28775.071402946400        41445.190133899050        63699.511349189532        74663.011103942350        86822.605009593870     
   813819.30258753314        824145.39742873656        836815.51615968929        18448.976561742897        28775.071402946400        41445.190133899050        69308.625015370810        80214.786257838772        92516.706456466345     
   938361.33393294329        948687.42877414671        961357.54750509944        18448.976561742897        28775.071402946400        41445.190133899050        75541.369418929302        86416.527729794514        98741.430577323714     
   1076986.6497217864        1087312.7445629900        1099982.8632939425        18448.976561742897        28775.071402946400        41445.190133899050        82405.358620376443        93472.211721288782        105759.06516454321     
   1230718.9445937350        1241045.0394349387        1253715.1581658912        18448.976561742897        28775.071402946400        41445.190133899050        89971.922744452808        101073.58329646297        113453.97215071532     
   1400617.8322986232        1410943.9271398268        1423614.0458707793        18448.976561742897        28775.071402946400        41445.190133899050        98324.913874991908        109529.29715252083        121868.21704013293     
   1587778.8456964518        1598104.9405376555        1610775.0592686080        18448.976561742897        28775.071402946400        41445.190133899050        107529.86223522242        118736.92590511845        131157.67600704200     
   1793333.4367573834        1803659.5315985871        1816329.6503295396        18448.976561742897        28775.071402946400        41445.190133899050        117597.40054405641        128847.42608145440        141306.03463881678     
   2018448.9765617433        2028775.0714029470        2041445.1901338995        18448.976561742897        28775.071402946400        41445.190133899050        128650.25219403880        139920.29588619818        152224.19658400631     
