   18448.976561742897        28775.071402946400        41445.190133899050        18448.976561742897        28775.071402946400        41445.190133899050        18213.360715167153        27589.027164065330        40881.710077589109     
   18450.473191333058        28776.568032536561        41446.686763489211        18448.976561742897        28775.071402946400        41445.190133899050        18214.837116873030        27590.242969378407        40883.185847904257     
   18472.922635185503        28799.017476389006        41469.136207341660        18448.976561742897        28775.071402946400        41445.190133899050        18236.710380041528        27611.081888801891        40904.058246120287     
   18570.203558546094        28896.298399749598        41566.417130702248        18448.976561742897        28775.071402946400        41445.190133899050        18331.577841172861        27700.064829857860        40998.713080040965     
   18832.113736824613        29158.208578028116        41828.327308980763        18448.976561742897        28775.071402946400        41445.190133899050        18237.505206108253        27939.854354247880        41254.405753354200     
   19384.370055594743        29710.464896798247        42380.583627750893        18448.976561742897        28775.071402946400        41445.190133899050        18125.571453362321        28444.663534065941        41789.847492928879     
   20388.608510594084        30714.703351797587        43384.822082750237        18448.976561742897        28775.071402946400        41445.190133899050        18998.633019448040        29360.633922630645        42097.872993843688     
   22042.384207724150        32368.479048927649        45038.597779880300        18448.976561742897        28775.071402946400        41445.190133899050        19333.611018658896        29752.517241408153        42501.802947160089     
   24579.171363050355        34905.266204253858        47575.384935206508        18448.976561742897        28775.071402946400        41445.190133899050        19807.655041078542        30273.309357209648        43088.236528584690     
   28268.363302802034        38594.458144005534        51264.576874958184        18448.976561742897        28775.071402946400        41445.190133899050        20434.889178753307        30973.103020657087        43862.548503276943     
   33415.272463372428        43741.367304575935        56411.486035528578        18448.976561742897        28775.071402946400        41445.190133899050        21219.019443309968        31846.894279531192        44853.763870701056     
   40361.130391318693        50687.225232522193        63357.343963474850        18448.976561742897        28775.071402946400        41445.190133899050        22141.474053588528        32891.002354722776        46046.454540208477     
   49483.087743361903        59809.182584565409        72479.301315518067        18448.976561742897        28775.071402946400        41445.190133899050        23210.966267847631        34089.058398298934        47391.260962439133     
   61194.214286387010        71520.309127590517        84190.427858543175        18448.976561742897        28775.071402946400        41445.190133899050        24440.918104757111        35424.371542382476        48890.735073370313     
   75943.498897442914        86269.593738646421        98939.712469599064        18448.976561742897        28775.071402946400        41445.190133899050        25835.819474528162        36895.098892183181        50513.439737352259     
   94215.849563742406        104541.94440494591        117212.06313589856        18448.976561742897        28775.071402946400        41445.190133899050        27428.783321672221        38527.251613576052        52282.137581243165     
   116532.09338266221        126858.18822386571        139528.30695481837        18448.976561742897        28775.071402946400        41445.190133899050        29228.194986426923        40330.711343574018        54200.476088470103     
   143448.97656174292        153775.07140294643        166445.19013389907        18448.976561742897        28775.071402946400        41445.190133899050        31238.597894865459        42317.730460386840        56287.528421721647     
   175559.16441868906        185885.25925989257        198555.37799084521        18448.976561742897        28775.071402946400        41445.190133899050        33474.996330619411        44506.229901702216        58567.760811775748     
   213491.24138136912        223817.33622257263        236487.45495352527        18448.976561742897        28775.071402946400        41445.190133899050        35938.404669413736        46912.741574659027        61079.712419912161     
   257909.71098781540        268235.80582901894        280905.92455997155        18448.976561742897        28775.071402946400        41445.190133899050        38631.971414473432        49558.252435123664        63807.654390130250     
   309514.99588622421        319841.09072742774        332511.20945838036        18448.976561742897        28775.071402946400        41445.190133899050        41545.166592879599        52451.561270395556        66797.183064787212     
   369043.43783495564        379369.53267615917        392039.65140711179        18448.976561742897        28775.071402946400        41445.190133899050        44817.128118903303        55708.886004515669        70137.172773906219     
   437267.29770253383        447593.39254373731        460263.51127468998        18448.976561742897        28775.071402946400        41445.190133899050        48390.278279604128        59294.460847107635        73814.013819217944     
   514994.75546764705        525320.85030885052        537990.96903980325        18448.976561742897        28775.071402946400        41445.190133899050        52478.237893204932        63342.851686263442        77912.603109997173     
   603069.91021914675        613396.00506035017        626066.12379130290        18448.976561742897        28775.071402946400        41445.190133899050        56894.244478742679        67854.042448515509        82467.955400666178     
   702372.78015604883        712698.87499725225        725368.99372820498        18448.976561742897        28775.071402946400        41445.190133899050        61902.652180611432        72940.565436606383        87581.954283210973     
   813819.30258753314        824145.39742873656        836815.51615968929        18448.976561742897        28775.071402946400        41445.190133899050        67491.362448435189        78493.170301773120        93241.366557319299     
   938361.33393294329        948687.42877414671        961357.54750509944        18448.976561742897        28775.071402946400        41445.190133899050        73693.334815637587        84759.175339507055        99511.144656491844     
   1076986.6497217864        1087312.7445629900        1099982.8632939425        18448.976561742897        28775.071402946400        41445.190133899050        80566.495252663939        91687.418110110390        106525.52008301212     
   1230718.9445937350        1241045.0394349387        1253715.1581658912        18448.976561742897        28775.071402946400        41445.190133899050        88094.458512122423        99327.169948492665        114228.80266727744     
   1400617.8322986232        1410943.9271398268        1423614.0458707793        18448.976561742897        28775.071402946400        41445.190133899050        96538.944129941345        107685.97786673068        122737.16216287983     
   1587778.8456964518        1598104.9405376555        1610775.0592686080        18448.976561742897        28775.071402946400        41445.190133899050        105736.26888720421        116954.79379759461        131809.04097976408     
   1793333.4367573834        1803659.5315985871        1816329.6503295396        18448.976561742897        28775.071402946400        41445.190133899050        115836.45540298334        127088.50085107793        142185.11844839313     
   2018448.9765617433        2028775.0714029470        2041445.1901338995        18448.976561742897        28775.071402946400        41445.190133899050        126885.02412767292        138206.69382604549        153315.02827869088     
