   18448.976561742897        28775.071402946400        41445.190133899050        18448.976561742897        28775.071402946400        41445.190133899050        10471.621579010636        10161.310149674086        40054.076564065675     
   18450.473191333058        28776.568032536561        41446.686763489211        18448.976561742897        28775.071402946400        41445.190133899050        10471.621579019158        10161.310152260861        40055.507223659617     
   18472.922635185503        28799.017476389006        41469.136207341660        18448.976561742897        28775.071402946400        41445.190133899050        10471.621579147362        10161.310191062508        40076.751214934207     
   18570.203558546094        28896.298399749598        41566.417130702248        18448.976561742897        28775.071402946400        41445.190133899050        10471.621579702618        10161.281590347528        40169.217473545068     
   18832.113736824613        29158.208578028116        41828.327308980763        18448.976561742897        28775.071402946400        41445.190133899050        10471.621581197593        10161.280751561642        40416.114147260298     
   19384.370055594743        29710.464896798247        42380.583627750893        18448.976561742897        28775.071402946400        41445.190133899050        10471.621647897091        10161.282781743372        40937.223010105095     
   20388.608510594084        30714.703351797587        43384.822082750237        18448.976561742897        28775.071402946400        41445.190133899050        10471.621557900869        10161.287366424702        40649.700230450646     
   22042.384207724150        32368.479048927649        45038.597779880300        18448.976561742897        28775.071402946400        41445.190133899050        10471.621533474647        10161.279527351049        40474.610279448425     
   24579.171363050355        34905.266204253858        47575.384935206508        18448.976561742897        28775.071402946400        41445.190133899050        10471.621533474647        10161.289011764740        42601.745360845947     
   28268.363302802034        38594.458144005534        51264.576874958184        18448.976561742897        28775.071402946400        41445.190133899050        10471.621533474647        10161.286788204656        43199.528000915685     
   33415.272463372428        43741.367304575935        56411.486035528578        18448.976561742897        28775.071402946400        41445.190133899050        10471.621535944380        10161.292980798988        43752.416320920529     
   40361.130391318693        50687.225232522193        63357.343963474850        18448.976561742897        28775.071402946400        41445.190133899050        10471.621533474647        10161.279765511239        44429.197088632063     
   49483.087743361903        59809.182584565409        72479.301315518067        18448.976561742897        28775.071402946400        41445.190133899050        10471.621562103410        10161.284210012873        44911.671899424153     
   61194.214286387010        71520.309127590517        84190.427858543175        18448.976561742897        28775.071402946400        41445.190133899050        10471.621533474647        10161.300857395250        42534.369004210821     
   75943.498897442914        86269.593738646421        98939.712469599064        18448.976561742897        28775.071402946400        41445.190133899050        10471.621533474647        10162.341716742176        42605.231772236424     
   94215.849563742406        104541.94440494591        117212.06313589856        18448.976561742897        28775.071402946400        41445.190133899050        10471.621767878805        10521.671906412594        43034.152756240961     
   116532.09338266221        126858.18822386571        139528.30695481837        18448.976561742897        28775.071402946400        41445.190133899050        10471.621789228440        11486.480933660765        43676.707236938950     
   143448.97656174292        153775.07140294643        166445.19013389907        18448.976561742897        28775.071402946400        41445.190133899050        10471.621665143110        13159.312021842623        44667.774445896255     
   175559.16441868906        185885.25925989257        198555.37799084521        18448.976561742897        28775.071402946400        41445.190133899050        10471.634984286047        14806.480450527943        46034.272362102245     
   213491.24138136912        223817.33622257263        236487.45495352527        18448.976561742897        28775.071402946400        41445.190133899050        10471.682571543321        17348.109152526627        48703.888879306018     
   257909.71098781540        268235.80582901894        280905.92455997155        18448.976561742897        28775.071402946400        41445.190133899050        10565.168866174108        20267.669445306507        50879.933421813417     
   309514.99588622421        319841.09072742774        332511.20945838036        18448.976561742897        28775.071402946400        41445.190133899050        13455.495543630012        23738.035989053176        53671.550547166771     
   369043.43783495564        379369.53267615917        392039.65140711179        18448.976561742897        28775.071402946400        41445.190133899050        17708.768413921931        27765.816009851129        56905.372102662463     
   437267.29770253383        447593.39254373731        460263.51127468998        18448.976561742897        28775.071402946400        41445.190133899050        21007.196788206420        31852.815970155541        60662.829795100202     
   514994.75546764705        525320.85030885052        537990.96903980325        18448.976561742897        28775.071402946400        41445.190133899050        24476.123409378793        36369.346131658174        65188.827245958419     
   603069.91021914675        613396.00506035017        626066.12379130290        18448.976561742897        28775.071402946400        41445.190133899050        30303.583470472113        42224.541348370927        70464.184813351851     
   702372.78015604883        712698.87499725225        725368.99372820498        18448.976561742897        28775.071402946400        41445.190133899050        37099.923238066578        49376.795202171095        76429.557813593710     
   813819.30258753314        824145.39742873656        836815.51615968929        18448.976561742897        28775.071402946400        41445.190133899050        44235.836862995639        57145.135948002608        83547.563594629260     
   938361.33393294329        948687.42877414671        961357.54750509944        18448.976561742897        28775.071402946400        41445.190133899050        52988.383900355402        65952.917597840482        92273.948894324538     
   1076986.6497217864        1087312.7445629900        1099982.8632939425        18448.976561742897        28775.071402946400        41445.190133899050        63349.095767599669        76324.212058783698        102334.83237690882     
   1230718.9445937350        1241045.0394349387        1253715.1581658912        18448.976561742897        28775.071402946400        41445.190133899050        75320.377733700385        88819.933557171724        115066.75881972242     
   1400617.8322986232        1410943.9271398268        1423614.0458707793        18448.976561742897        28775.071402946400        41445.190133899050        89785.622518327014        103360.98733773077        130196.58699047682     
   1587778.8456964518        1598104.9405376555        1610775.0592686080        18448.976561742897        28775.071402946400        41445.190133899050        107016.08045826656        121229.35595575593        151172.72117632383     
   1793333.4367573834        1803659.5315985871        1816329.6503295396        18448.976561742897        28775.071402946400        41445.190133899050        131617.43153710087        145738.69834822020        176156.89127581511     
   2018448.9765617433        2028775.0714029470        2041445.1901338995        18448.976561742897        28775.071402946400        41445.190133899050        165485.07633491367        178140.55206749705        207538.53694699632     
