   18448.976561742897        28775.071402946400        41445.190133899050        18448.976561742897        28775.071402946400        41445.190133899050        17858.341343706532        28189.516271759436        40138.767581158405     
   18450.473191333058        28776.568032536561        41446.686763489211        18448.976561742897        28775.071402946400        41445.190133899050        17859.776411280560        28190.989183029371        40140.202257006720     
   18472.922635185503        28799.017476389006        41469.136207341660        18448.976561742897        28775.071402946400        41445.190133899050        17879.570045853485        28212.151643415102        40161.066976024609     
   18570.203558546094        28896.298399749598        41566.417130702248        18448.976561742897        28775.071402946400        41445.190133899050        17965.464427124767        28304.389991780496        40251.882501456632     
   18832.113736824613        29158.208578028116        41828.327308980763        18448.976561742897        28775.071402946400        41445.190133899050        18195.671267844606        27957.580302051043        40496.249680503228     
   19384.370055594743        29710.464896798247        42380.583627750893        18448.976561742897        28775.071402946400        41445.190133899050        18131.745918573593        28452.062352884590        41011.350926691171     
   20388.608510594084        30714.703351797587        43384.822082750237        18448.976561742897        28775.071402946400        41445.190133899050        18907.655647748492        29348.281926796451        40865.809813374566     
   22042.384207724150        32368.479048927649        45038.597779880300        18448.976561742897        28775.071402946400        41445.190133899050        19197.093835131353        29748.159442826385        42321.219142058602     
   24579.171363050355        34905.266204253858        47575.384935206508        18448.976561742897        28775.071402946400        41445.190133899050        19678.257503317349        30277.315807623119        42802.592941576717     
   28268.363302802034        38594.458144005534        51264.576874958184        18448.976561742897        28775.071402946400        41445.190133899050        20285.047350654801        30988.617157956702        43391.268516940341     
   33415.272463372428        43741.367304575935        56411.486035528578        18448.976561742897        28775.071402946400        41445.190133899050        21058.167123529507        31880.739589583965        44117.954537585305     
   40361.130391318693        50687.225232522193        63357.343963474850        18448.976561742897        28775.071402946400        41445.190133899050        21989.269395494106        32947.715322618140        44942.337459964125     
   49483.087743361903        59809.182584565409        72479.301315518067        18448.976561742897        28775.071402946400        41445.190133899050        23059.910215409647        34175.593341885804        45792.026708732446     
   61194.214286387010        71520.309127590517        84190.427858543175        18448.976561742897        28775.071402946400        41445.190133899050        24263.919240461852        35551.722964657703        46672.849424132932     
   75943.498897442914        86269.593738646421        98939.712469599064        18448.976561742897        28775.071402946400        41445.190133899050        25619.637187406108        37073.102248047609        44913.001868856212     
   94215.849563742406        104541.94440494591        117212.06313589856        18448.976561742897        28775.071402946400        41445.190133899050        27151.312917901334        38674.648532111416        44861.262433456352     
   116532.09338266221        126858.18822386571        139528.30695481837        18448.976561742897        28775.071402946400        41445.190133899050        28895.718573121394        39903.666087183796        45400.100735348213     
   143448.97656174292        153775.07140294643        166445.19013389907        18448.976561742897        28775.071402946400        41445.190133899050        30867.283082331967        41410.026146371813        46467.017806633005     
   175559.16441868906        185885.25925989257        198555.37799084521        18448.976561742897        28775.071402946400        41445.190133899050        33090.685556338358        43055.627121350037        47945.844152849728     
   213491.24138136912        223817.33622257263        236487.45495352527        18448.976561742897        28775.071402946400        41445.190133899050        35249.588861376491        44855.806673918756        50073.704897916781     
   257909.71098781540        268235.80582901894        280905.92455997155        18448.976561742897        28775.071402946400        41445.190133899050        37700.241509757718        47208.110984666673        52957.924814791528     
   309514.99588622421        319841.09072742774        332511.20945838036        18448.976561742897        28775.071402946400        41445.190133899050        40579.070238842709        50414.459361811132        55643.268682746791     
   369043.43783495564        379369.53267615917        392039.65140711179        18448.976561742897        28775.071402946400        41445.190133899050        43789.810219102867        53947.147398041125        59163.272271059577     
   437267.29770253383        447593.39254373731        460263.51127468998        18448.976561742897        28775.071402946400        41445.190133899050        47961.718850298144        58305.719453923833        63969.121330941947     
   514994.75546764705        525320.85030885052        537990.96903980325        18448.976561742897        28775.071402946400        41445.190133899050        52350.490538624908        62669.319855857153        69022.629121833816     
   603069.91021914675        613396.00506035017        626066.12379130290        18448.976561742897        28775.071402946400        41445.190133899050        57129.477419210307        68079.617304991145        71860.316652037436     
   702372.78015604883        712698.87499725225        725368.99372820498        18448.976561742897        28775.071402946400        41445.190133899050        62600.698083994605        73092.549709238214        79232.000468582119     
   813819.30258753314        824145.39742873656        836815.51615968929        18448.976561742897        28775.071402946400        41445.190133899050        68911.831123468335        80709.218017894789        84539.503341578049     
   938361.33393294329        948687.42877414671        961357.54750509944        18448.976561742897        28775.071402946400        41445.190133899050        75605.129860893154        88146.935320327320        91504.993645112336     
   1076986.6497217864        1087312.7445629900        1099982.8632939425        18448.976561742897        28775.071402946400        41445.190133899050        82844.664774441757        96321.824341384854        98894.656522022386     
   1230718.9445937350        1241045.0394349387        1253715.1581658912        18448.976561742897        28775.071402946400        41445.190133899050        91614.270139714645        105545.15321111461        112069.47712406349     
   1400617.8322986232        1410943.9271398268        1423614.0458707793        18448.976561742897        28775.071402946400        41445.190133899050        101015.75402682436        117344.40581920072        123022.93762029619     
   1587778.8456964518        1598104.9405376555        1610775.0592686080        18448.976561742897        28775.071402946400        41445.190133899050        111105.05470634009        129309.00199836711        137319.93964561290     
   1793333.4367573834        1803659.5315985871        1816329.6503295396        18448.976561742897        28775.071402946400        41445.190133899050        124755.84961091395        144406.54887055559        154686.96927666280     
   2018448.9765617433        2028775.0714029470        2041445.1901338995        18448.976561742897        28775.071402946400        41445.190133899050        136974.19490024529        164014.54109142296        177789.89383374082     
