   18448.976561742897        28775.071402946400        41445.190133899050        18448.976561742897        28775.071402946400        41445.190133899050        18228.166354382985        28184.174349354274        40110.004957662328     
   18450.473191333058        28776.568032536561        41446.686763489211        18448.976561742897        28775.071402946400        41445.190133899050        18229.621557825143        28185.623468263082        40111.492206809577     
   18472.922635185503        28799.017476389006        41469.136207341660        18448.976561742897        28775.071402946400        41445.190133899050        18251.511631261714        28207.487658310783        40131.981807105767     
   18570.203558546094        28896.298399749598        41566.417130702248        18448.976561742897        28775.071402946400        41445.190133899050        18014.066654814502        27694.183378442969        40223.032598145946     
   18832.113736824613        29158.208578028116        41828.327308980763        18448.976561742897        28775.071402946400        41445.190133899050        18259.571064943808        27934.056759081017        41171.022816358163     
   19384.370055594743        29710.464896798247        42380.583627750893        18448.976561742897        28775.071402946400        41445.190133899050        18777.141191317467        28438.431376848395        40980.573078497182     
   20388.608510594084        30714.703351797587        43384.822082750237        18448.976561742897        28775.071402946400        41445.190133899050        19041.314005140346        29353.550749219139        40855.337237658518     
   22042.384207724150        32368.479048927649        45038.597779880300        18448.976561742897        28775.071402946400        41445.190133899050        19460.180379075857        29727.643805899042        42310.001123967508     
   24579.171363050355        34905.266204253858        47575.384935206508        18448.976561742897        28775.071402946400        41445.190133899050        20065.072286381037        30258.011751378570        42758.255072045504     
   28268.363302802034        38594.458144005534        51264.576874958184        18448.976561742897        28775.071402946400        41445.190133899050        20835.776209091477        30928.297738527282        43314.188802980447     
   33415.272463372428        43741.367304575935        56411.486035528578        18448.976561742897        28775.071402946400        41445.190133899050        21759.089821648187        31772.308197093633        43988.274088764476     
   40361.130391318693        50687.225232522193        63357.343963474850        18448.976561742897        28775.071402946400        41445.190133899050        22841.352085419232        32773.569262223893        44751.322828672375     
   49483.087743361903        59809.182584565409        72479.301315518067        18448.976561742897        28775.071402946400        41445.190133899050        24073.734206115416        33900.527806612125        45434.197337146397     
   61194.214286387010        71520.309127590517        84190.427858543175        18448.976561742897        28775.071402946400        41445.190133899050        25449.621763288378        35095.576766259910        43586.875278294814     
   75943.498897442914        86269.593738646421        98939.712469599064        18448.976561742897        28775.071402946400        41445.190133899050        26574.296273466825        34924.009876409305        43883.238272444039     
   94215.849563742406        104541.94440494591        117212.06313589856        18448.976561742897        28775.071402946400        41445.190133899050        27898.182850091267        35936.042863204013        44572.948352097323     
   116532.09338266221        126858.18822386571        139528.30695481837        18448.976561742897        28775.071402946400        41445.190133899050        29382.089971042358        37144.549410254389        45509.571867767176     
   143448.97656174292        153775.07140294643        166445.19013389907        18448.976561742897        28775.071402946400        41445.190133899050        31023.849466982167        39114.730171744101        46775.919188632339     
   175559.16441868906        185885.25925989257        198555.37799084521        18448.976561742897        28775.071402946400        41445.190133899050        32900.371063565930        40752.846144441275        48247.377776848582     
   213491.24138136912        223817.33622257263        236487.45495352527        18448.976561742897        28775.071402946400        41445.190133899050        34879.966858195854        42699.097184461360        50411.752255311345     
   257909.71098781540        268235.80582901894        280905.92455997155        18448.976561742897        28775.071402946400        41445.190133899050        37394.631724320039        45081.434197994153        52731.982178210579     
   309514.99588622421        319841.09072742774        332511.20945838036        18448.976561742897        28775.071402946400        41445.190133899050        40124.128578375537        47829.420588351117        55670.709217920958     
   369043.43783495564        379369.53267615917        392039.65140711179        18448.976561742897        28775.071402946400        41445.190133899050        43649.341347859372        51140.104807861127        59704.795311722912     
   437267.29770253383        447593.39254373731        460263.51127468998        18448.976561742897        28775.071402946400        41445.190133899050        47459.647703032788        55598.568648837630        63787.068137965776     
   514994.75546764705        525320.85030885052        537990.96903980325        18448.976561742897        28775.071402946400        41445.190133899050        51518.247961644847        59489.903514619778        68294.017890847666     
   603069.91021914675        613396.00506035017        626066.12379130290        18448.976561742897        28775.071402946400        41445.190133899050        56729.612283324022        65875.770063729608        72014.224937810490     
   702372.78015604883        712698.87499725225        725368.99372820498        18448.976561742897        28775.071402946400        41445.190133899050        63242.322031395648        70338.962752257139        78660.160935198990     
   813819.30258753314        824145.39742873656        836815.51615968929        18448.976561742897        28775.071402946400        41445.190133899050        69745.368445545653        76995.401362341567        86613.553847143950     
   938361.33393294329        948687.42877414671        961357.54750509944        18448.976561742897        28775.071402946400        41445.190133899050        76462.785135735641        84809.353009963481        91500.573798955273     
   1076986.6497217864        1087312.7445629900        1099982.8632939425        18448.976561742897        28775.071402946400        41445.190133899050        85446.223268998583        92544.322900777348        99609.993913270562     
   1230718.9445937350        1241045.0394349387        1253715.1581658912        18448.976561742897        28775.071402946400        41445.190133899050        95946.185209373143        102982.66421259535        111356.07880884994     
   1400617.8322986232        1410943.9271398268        1423614.0458707793        18448.976561742897        28775.071402946400        41445.190133899050        107100.77797856455        115438.87215500498        123702.13997865719     
   1587778.8456964518        1598104.9405376555        1610775.0592686080        18448.976561742897        28775.071402946400        41445.190133899050        121540.49235316043        130764.24623907398        137539.58414224072     
   1793333.4367573834        1803659.5315985871        1816329.6503295396        18448.976561742897        28775.071402946400        41445.190133899050        140361.53030725865        149481.05661317805        159184.03766136518     
   2018448.9765617433        2028775.0714029470        2041445.1901338995        18448.976561742897        28775.071402946400        41445.190133899050        164370.96112635583        170508.99728520683        181266.75718051151     
