   18448.976561742897        28775.071402946400        41445.190133899050        18448.976561742897        28775.071402946400        41445.190133899050        17899.536234170911        28538.399927948012        40101.568024170076     
   18450.473191333058        28776.568032536561        41446.686763489211        18448.976561742897        28775.071402946400        41445.190133899050        17900.929783398060        28539.877528126759        40103.370791643785     
   18472.922635185503        28799.017476389006        41469.136207341660        18448.976561742897        28775.071402946400        41445.190133899050        17921.833021805171        28561.950526220971        40123.877747579594     
   18570.203558546094        28896.298399749598        41566.417130702248        18448.976561742897        28775.071402946400        41445.190133899050        18013.426044322456        28657.536664877112        40215.035064627489     
   18832.113736824613        29158.208578028116        41828.327308980763        18448.976561742897        28775.071402946400        41445.190133899050        18258.897490132422        28557.430647788788        39318.956708665413     
   19384.370055594743        29710.464896798247        42380.583627750893        18448.976561742897        28775.071402946400        41445.190133899050        18776.074968960071        28437.324098683646        39803.330425697124     
   20388.608510594084        30714.703351797587        43384.822082750237        18448.976561742897        28775.071402946400        41445.190133899050        19044.546869351328        29351.272610762066        40686.046272379128     
   22042.384207724150        32368.479048927649        45038.597779880300        18448.976561742897        28775.071402946400        41445.190133899050        19461.923338199704        29710.554670699654        39770.888701237745     
   24579.171363050355        34905.266204253858        47575.384935206508        18448.976561742897        28775.071402946400        41445.190133899050        20066.518861314853        30217.826934562021        39609.318612357558     
   28268.363302802034        38594.458144005534        51264.576874958184        18448.976561742897        28775.071402946400        41445.190133899050        20835.720947296526        30870.518111527985        41497.910924694770     
   33415.272463372428        43741.367304575935        56411.486035528578        18448.976561742897        28775.071402946400        41445.190133899050        21757.836447346122        31696.609014096553        41963.656466190747     
   40361.130391318693        50687.225232522193        63357.343963474850        18448.976561742897        28775.071402946400        41445.190133899050        22833.969099436537        32660.777319180095        42563.158699404914     
   49483.087743361903        59809.182584565409        72479.301315518067        18448.976561742897        28775.071402946400        41445.190133899050        24011.495690563283        33778.165600311680        43094.192189175374     
   61194.214286387010        71520.309127590517        84190.427858543175        18448.976561742897        28775.071402946400        41445.190133899050        25341.662885451482        33405.991093370729        43866.178916716395     
   75943.498897442914        86269.593738646421        98939.712469599064        18448.976561742897        28775.071402946400        41445.190133899050        26316.170306209438        34463.675812902067        44813.493146688772     
   94215.849563742406        104541.94440494591        117212.06313589856        18448.976561742897        28775.071402946400        41445.190133899050        27640.127452979854        35872.946117165120        46032.695490191691     
   116532.09338266221        126858.18822386571        139528.30695481837        18448.976561742897        28775.071402946400        41445.190133899050        29246.815017851528        38104.173946417977        47522.515641376223     
   143448.97656174292        153775.07140294643        166445.19013389907        18448.976561742897        28775.071402946400        41445.190133899050        31151.342000455435        39966.755731166246        49297.587165822522     
   175559.16441868906        185885.25925989257        198555.37799084521        18448.976561742897        28775.071402946400        41445.190133899050        33418.288283201349        42196.555253900391        52020.684992968600     
   213491.24138136912        223817.33622257263        236487.45495352527        18448.976561742897        28775.071402946400        41445.190133899050        36047.179098655768        44723.079478900196        54318.045229172931     
   257909.71098781540        268235.80582901894        280905.92455997155        18448.976561742897        28775.071402946400        41445.190133899050        38979.099692790973        47617.864464001366        56991.399277919525     
   309514.99588622421        319841.09072742774        332511.20945838036        18448.976561742897        28775.071402946400        41445.190133899050        42296.401157491069        50830.542435716241        60038.643689645935     
   369043.43783495564        379369.53267615917        392039.65140711179        18448.976561742897        28775.071402946400        41445.190133899050        45989.340137204788        54451.257725167336        63464.489027710733     
   437267.29770253383        447593.39254373731        460263.51127468998        18448.976561742897        28775.071402946400        41445.190133899050        50127.027914662998        58477.935102005191        67319.262233009475     
   514994.75546764705        525320.85030885052        537990.96903980325        18448.976561742897        28775.071402946400        41445.190133899050        54713.533296524241        63072.989099415725        71707.902001562630     
   603069.91021914675        613396.00506035017        626066.12379130290        18448.976561742897        28775.071402946400        41445.190133899050        59823.027749173663        68080.216680494079        76599.403458463814     
   702372.78015604883        712698.87499725225        725368.99372820498        18448.976561742897        28775.071402946400        41445.190133899050        65598.965371711834        73659.996306993358        82045.911864098322     
   813819.30258753314        824145.39742873656        836815.51615968929        18448.976561742897        28775.071402946400        41445.190133899050        71848.315357272688        79815.849746877924        88121.893293987217     
   938361.33393294329        948687.42877414671        961357.54750509944        18448.976561742897        28775.071402946400        41445.190133899050        78843.452453307793        86649.895930982646        94828.958472317419     
   1076986.6497217864        1087312.7445629900        1099982.8632939425        18448.976561742897        28775.071402946400        41445.190133899050        86531.781764430707        94369.028571604198        102376.27703077572     
   1230718.9445937350        1241045.0394349387        1253715.1581658912        18448.976561742897        28775.071402946400        41445.190133899050        95357.793994668347        102940.84917188437        111013.49658752678     
   1400617.8322986232        1410943.9271398268        1423614.0458707793        18448.976561742897        28775.071402946400        41445.190133899050        105052.05268338116        112775.66514456680        120878.60602016687     
   1587778.8456964518        1598104.9405376555        1610775.0592686080        18448.976561742897        28775.071402946400        41445.190133899050        116924.64722969646        126633.92787073823        133623.87951952114     
   1793333.4367573834        1803659.5315985871        1816329.6503295396        18448.976561742897        28775.071402946400        41445.190133899050        133337.76343163842        141768.77768436319        152929.51095360389     
   2018448.9765617433        2028775.0714029470        2041445.1901338995        18448.976561742897        28775.071402946400        41445.190133899050        148640.69885208466        155943.04287151201        173616.66584518674     
