   18448.976561742897        28775.071402946400        41445.190133899050        18448.976561742897        28775.071402946400        41445.190133899050        18231.492605657120        27573.437086929574        40170.068989663268     
   18450.473191333058        28776.568032536561        41446.686763489211        18448.976561742897        28775.071402946400        41445.190133899050        18232.976267684804        27574.837099917946        40171.505149900666     
   18472.922635185503        28799.017476389006        41469.136207341660        18448.976561742897        28775.071402946400        41445.190133899050        18255.037106887467        27595.885072147768        40192.970445377883     
   18570.203558546094        28896.298399749598        41566.417130702248        18448.976561742897        28775.071402946400        41445.190133899050        18013.337155600482        27686.160618231399        40285.848815233861     
   18832.113736824613        29158.208578028116        41828.327308980763        18448.976561742897        28775.071402946400        41445.190133899050        18263.052714380996        27931.190522969977        40533.617174979932     
   19384.370055594743        29710.464896798247        42380.583627750893        18448.976561742897        28775.071402946400        41445.190133899050        18788.800006400790        28447.121362709120        41059.041642023680     
   20388.608510594084        30714.703351797587        43384.822082750237        18448.976561742897        28775.071402946400        41445.190133899050        19076.972891405068        29384.210395400129        42012.665219505827     
   22042.384207724150        32368.479048927649        45038.597779880300        18448.976561742897        28775.071402946400        41445.190133899050        19531.157233951562        29807.537681628692        42390.853445065259     
   24579.171363050355        34905.266204253858        47575.384935206508        18448.976561742897        28775.071402946400        41445.190133899050        20174.951922650551        30416.421925060909        42932.213710340569     
   28268.363302802034        38594.458144005534        51264.576874958184        18448.976561742897        28775.071402946400        41445.190133899050        21010.185110284845        31229.624641744562        43655.292061283253     
   33415.272463372428        43741.367304575935        56411.486035528578        18448.976561742897        28775.071402946400        41445.190133899050        22042.333115162503        32244.017861321139        44531.543236578436     
   40361.130391318693        50687.225232522193        63357.343963474850        18448.976561742897        28775.071402946400        41445.190133899050        23274.139751478113        33438.685541096704        45540.761145611301     
   49483.087743361903        59809.182584565409        72479.301315518067        18448.976561742897        28775.071402946400        41445.190133899050        24689.553856179580        34822.251036444417        46653.069333619904     
   61194.214286387010        71520.309127590517        84190.427858543175        18448.976561742897        28775.071402946400        41445.190133899050        26255.500987274194        36325.131350107404        47798.047974963054     
   75943.498897442914        86269.593738646421        98939.712469599064        18448.976561742897        28775.071402946400        41445.190133899050        28008.902097853341        37817.301834467435        45710.673210594017     
   94215.849563742406        104541.94440494591        117212.06313589856        18448.976561742897        28775.071402946400        41445.190133899050        29452.583453081803        38521.785040491508        45620.779180216006     
   116532.09338266221        126858.18822386571        139528.30695481837        18448.976561742897        28775.071402946400        41445.190133899050        31050.445083491599        39387.710449333921        46035.180836842286     
   143448.97656174292        153775.07140294643        166445.19013389907        18448.976561742897        28775.071402946400        41445.190133899050        32649.627913367774        40423.945625514483        46842.695457429632     
   175559.16441868906        185885.25925989257        198555.37799084521        18448.976561742897        28775.071402946400        41445.190133899050        34284.797861153151        41440.433774221048        48094.916551697519     
   213491.24138136912        223817.33622257263        236487.45495352527        18448.976561742897        28775.071402946400        41445.190133899050        35912.214147271814        42855.838121827066        50647.238251907853     
   257909.71098781540        268235.80582901894        280905.92455997155        18448.976561742897        28775.071402946400        41445.190133899050        37795.975859547325        44913.413142712103        52744.635360290384     
   309514.99588622421        319841.09072742774        332511.20945838036        18448.976561742897        28775.071402946400        41445.190133899050        40289.441862893356        47384.711607024139        55435.101924600822     
   369043.43783495564        379369.53267615917        392039.65140711179        18448.976561742897        28775.071402946400        41445.190133899050        43276.263114137175        50731.462905752749        58719.801619453850     
   437267.29770253383        447593.39254373731        460263.51127468998        18448.976561742897        28775.071402946400        41445.190133899050        47581.589222059461        54660.775275599430        62561.509252419208     
   514994.75546764705        525320.85030885052        537990.96903980325        18448.976561742897        28775.071402946400        41445.190133899050        52071.826588877491        59659.048230357563        67810.002990978406     
   603069.91021914675        613396.00506035017        626066.12379130290        18448.976561742897        28775.071402946400        41445.190133899050        57700.115350136155        64801.563488442203        73344.990869479909     
   702372.78015604883        712698.87499725225        725368.99372820498        18448.976561742897        28775.071402946400        41445.190133899050        64224.803510507270        71035.548470486669        79104.405759594418     
   813819.30258753314        824145.39742873656        836815.51615968929        18448.976561742897        28775.071402946400        41445.190133899050        71415.803852610901        77938.275315137784        84906.067357848122     
   938361.33393294329        948687.42877414671        961357.54750509944        18448.976561742897        28775.071402946400        41445.190133899050        78530.710174897889        86221.765005895330        94287.413869568496     
   1076986.6497217864        1087312.7445629900        1099982.8632939425        18448.976561742897        28775.071402946400        41445.190133899050        88161.232118158950        93534.534646910979        103900.44743494611     
   1230718.9445937350        1241045.0394349387        1253715.1581658912        18448.976561742897        28775.071402946400        41445.190133899050        99133.442449200404        106307.41543218428        114104.04220341802     
   1400617.8322986232        1410943.9271398268        1423614.0458707793        18448.976561742897        28775.071402946400        41445.190133899050        111021.84150896150        120906.05673947422        127926.82033782694     
   1587778.8456964518        1598104.9405376555        1610775.0592686080        18448.976561742897        28775.071402946400        41445.190133899050        127089.64380822943        138722.68061782286        144821.56698880726     
   1793333.4367573834        1803659.5315985871        1816329.6503295396        18448.976561742897        28775.071402946400        41445.190133899050        149370.13925112595        158185.06590614654        171679.73001649138     
   2018448.9765617433        2028775.0714029470        2041445.1901338995        18448.976561742897        28775.071402946400        41445.190133899050        175304.62817926018        185823.55300245224        195124.57053350273     
