   18448.976561742897        28775.071402946400        41445.190133899050        18448.976561742897        28775.071402946400        41445.190133899050        17889.481572610624        26759.828112168081        37513.021889404452     
   18450.473191333058        28776.568032536561        41446.686763489211        18448.976561742897        28775.071402946400        41445.190133899050        17890.914829291545        26761.238933170025        37513.199032673918     
   18472.922635185503        28799.017476389006        41469.136207341660        18448.976561742897        28775.071402946400        41445.190133899050        17912.000019760009        26781.047229599109        37529.619245114023     
   18570.203558546094        28896.298399749598        41566.417130702248        18448.976561742897        28775.071402946400        41445.190133899050        18003.075165119466        26851.099777245148        37616.054513927564     
   18832.113736824613        29158.208578028116        41828.327308980763        18448.976561742897        28775.071402946400        41445.190133899050        18248.322478046488        27088.059435747349        36670.877148563530     
   19384.370055594743        29710.464896798247        42380.583627750893        18448.976561742897        28775.071402946400        41445.190133899050        18765.370586707228        27554.153204840335        36587.047988123522     
   20388.608510594084        30714.703351797587        43384.822082750237        18448.976561742897        28775.071402946400        41445.190133899050        18991.709968582301        27371.488297127264        37312.791706767523     
   22042.384207724150        32368.479048927649        45038.597779880300        18448.976561742897        28775.071402946400        41445.190133899050        19337.576294565348        27234.114577048971        36994.221321294761     
   24579.171363050355        34905.266204253858        47575.384935206508        18448.976561742897        28775.071402946400        41445.190133899050        19819.344576315416        27710.224326116713        36903.379245358927     
   28268.363302802034        38594.458144005534        51264.576874958184        18448.976561742897        28775.071402946400        41445.190133899050        20447.012298641181        28924.306133200582        37733.395237763412     
   33415.272463372428        43741.367304575935        56411.486035528578        18448.976561742897        28775.071402946400        41445.190133899050        21214.226004862936        29443.021163953421        39004.540317842511     
   40361.130391318693        50687.225232522193        63357.343963474850        18448.976561742897        28775.071402946400        41445.190133899050        22133.284838637504        30021.204183176829        39143.524431654689     
   49483.087743361903        59809.182584565409        72479.301315518067        18448.976561742897        28775.071402946400        41445.190133899050        21744.317679250529        30704.131194376405        39546.553619165774     
   61194.214286387010        71520.309127590517        84190.427858543175        18448.976561742897        28775.071402946400        41445.190133899050        22675.675586555135        31452.441403802830        40296.187119130307     
   75943.498897442914        86269.593738646421        98939.712469599064        18448.976561742897        28775.071402946400        41445.190133899050        23790.729054350308        32575.666182795769        42722.904471115216     
   94215.849563742406        104541.94440494591        117212.06313589856        18448.976561742897        28775.071402946400        41445.190133899050        25224.033737884685        33948.232842548445        43885.244709196493     
   116532.09338266221        126858.18822386571        139528.30695481837        18448.976561742897        28775.071402946400        41445.190133899050        27264.017944391970        35591.345081037798        45314.985078002865     
   143448.97656174292        153775.07140294643        166445.19013389907        18448.976561742897        28775.071402946400        41445.190133899050        29228.907316141223        37514.887315860047        47043.921969944284     
   175559.16441868906        185885.25925989257        198555.37799084521        18448.976561742897        28775.071402946400        41445.190133899050        31488.656102620462        40157.199739147676        49104.994861827625     
   213491.24138136912        223817.33622257263        236487.45495352527        18448.976561742897        28775.071402946400        41445.190133899050        34102.868971465345        42664.442830209926        52050.837265639064     
   257909.71098781540        268235.80582901894        280905.92455997155        18448.976561742897        28775.071402946400        41445.190133899050        37097.035069689395        45578.503071127263        54747.868769680761     
   309514.99588622421        319841.09072742774        332511.20945838036        18448.976561742897        28775.071402946400        41445.190133899050        40467.614827101686        48861.185252211915        57936.847644994145     
   369043.43783495564        379369.53267615917        392039.65140711179        18448.976561742897        28775.071402946400        41445.190133899050        44254.140173116983        52578.756182385121        61465.133790538792     
   437267.29770253383        447593.39254373731        460263.51127468998        18448.976561742897        28775.071402946400        41445.190133899050        48482.044623954607        56775.314440020964        65516.480113330676     
   514994.75546764705        525320.85030885052        537990.96903980325        18448.976561742897        28775.071402946400        41445.190133899050        53304.820466021847        61509.248100173107        70186.060945428413     
   603069.91021914675        613396.00506035017        626066.12379130290        18448.976561742897        28775.071402946400        41445.190133899050        58708.394697980642        66830.616533881926        75444.901131517356     
   702372.78015604883        712698.87499725225        725368.99372820498        18448.976561742897        28775.071402946400        41445.190133899050        64853.688862564893        72775.842567160420        81299.843588107120     
   813819.30258753314        824145.39742873656        836815.51615968929        18448.976561742897        28775.071402946400        41445.190133899050        71494.571408246833        79477.587349925147        87939.316010691196     
   938361.33393294329        948687.42877414671        961357.54750509944        18448.976561742897        28775.071402946400        41445.190133899050        79041.649049619984        86989.822098267250        95432.738182231042     
   1076986.6497217864        1087312.7445629900        1099982.8632939425        18448.976561742897        28775.071402946400        41445.190133899050        87334.795049750144        95408.100612383394        103854.43960387782     
   1230718.9445937350        1241045.0394349387        1253715.1581658912        18448.976561742897        28775.071402946400        41445.190133899050        97146.395659910457        104716.18410461505        113582.63921528529     
   1400617.8322986232        1410943.9271398268        1423614.0458707793        18448.976561742897        28775.071402946400        41445.190133899050        108222.87383103944        115974.24206446898        124699.62353960950     
   1587778.8456964518        1598104.9405376555        1610775.0592686080        18448.976561742897        28775.071402946400        41445.190133899050        122053.20296650163        129258.37680216478        140073.24894415695     
   1793333.4367573834        1803659.5315985871        1816329.6503295396        18448.976561742897        28775.071402946400        41445.190133899050        148748.91471276051        149665.81620638311        162843.68912984108     
   2018448.9765617433        2028775.0714029470        2041445.1901338995        18448.976561742897        28775.071402946400        41445.190133899050        198334.38910040204        218805.52956319568        193876.80297890838     
