   18448.976561742897        28775.071402946400        41445.190133899050        18448.976561742897        28775.071402946400        41445.190133899050        18238.978922932343        28575.439774967861        41214.133730636975     
   18450.473191333058        28776.568032536561        41446.686763489211        18448.976561742897        28775.071402946400        41445.190133899050        18240.436154917763        28576.839968072280        41215.619402969256     
   18472.922635185503        28799.017476389006        41469.136207341660        18448.976561742897        28775.071402946400        41445.190133899050        18261.773065511472        28598.552571271761        41237.904487953580     
   18570.203558546094        28896.298399749598        41566.417130702248        18448.976561742897        28775.071402946400        41445.190133899050        18356.320719053361        28312.960486047825        41334.488658671151     
   18832.113736824613        29158.208578028116        41828.327308980763        18448.976561742897        28775.071402946400        41445.190133899050        18266.890067609405        29158.208578028116        40601.808246410117     
   19384.370055594743        29710.464896798247        42380.583627750893        18448.976561742897        28775.071402946400        41445.190133899050        18784.538516915058        28470.828212093009        41120.009280351609     
   20388.608510594084        30714.703351797587        43384.822082750237        18448.976561742897        28775.071402946400        41445.190133899050        19079.137574449909        29388.254804647699        42062.752429057247     
   22042.384207724150        32368.479048927649        45038.597779880300        18448.976561742897        28775.071402946400        41445.190133899050        19544.825479850027        29836.517916376299        42505.423919186491     
   24579.171363050355        34905.266204253858        47575.384935206508        18448.976561742897        28775.071402946400        41445.190133899050        20201.794282971285        30477.623897192061        43138.865109658771     
   28268.363302802034        38594.458144005534        51264.576874958184        18448.976561742897        28775.071402946400        41445.190133899050        21053.017264082053        31321.839313115910        43957.319726418995     
   33415.272463372428        43741.367304575935        56411.486035528578        18448.976561742897        28775.071402946400        41445.190133899050        22077.528159651913        32355.043876268159        44978.492579937687     
   40361.130391318693        50687.225232522193        63357.343963474850        18448.976561742897        28775.071402946400        41445.190133899050        23291.717879012380        33587.025033722595        46173.662461647400     
   49483.087743361903        59809.182584565409        72479.301315518067        18448.976561742897        28775.071402946400        41445.190133899050        24677.421555676861        34995.508948819828        47518.919947447583     
   61194.214286387010        71520.309127590517        84190.427858543175        18448.976561742897        28775.071402946400        41445.190133899050        26244.251981477835        36572.528418557296        48967.058852315131     
   75943.498897442914        86269.593738646421        98939.712469599064        18448.976561742897        28775.071402946400        41445.190133899050        27994.767503662562        38296.344605797065        50432.042603471229     
   94215.849563742406        104541.94440494591        117212.06313589856        18448.976561742897        28775.071402946400        41445.190133899050        29683.814698022692        39625.151609647524        50526.474158400852     
   116532.09338266221        126858.18822386571        139528.30695481837        18448.976561742897        28775.071402946400        41445.190133899050        31619.463476693414        41170.004626849521        51224.022115480613     
   143448.97656174292        153775.07140294643        166445.19013389907        18448.976561742897        28775.071402946400        41445.190133899050        33609.918876192467        42811.759005640015        52253.827849734160     
   175559.16441868906        185885.25925989257        198555.37799084521        18448.976561742897        28775.071402946400        41445.190133899050        35799.417481565892        44549.211367702505        53673.858428116640     
   213491.24138136912        223817.33622257263        236487.45495352527        18448.976561742897        28775.071402946400        41445.190133899050        38083.321594784888        46827.939614999334        55400.337599951912     
   257909.71098781540        268235.80582901894        280905.92455997155        18448.976561742897        28775.071402946400        41445.190133899050        40572.221342963298        48954.241144875654        57850.634571043549     
   309514.99588622421        319841.09072742774        332511.20945838036        18448.976561742897        28775.071402946400        41445.190133899050        43638.768227471635        52163.337179559094        61056.301900898565     
   369043.43783495564        379369.53267615917        392039.65140711179        18448.976561742897        28775.071402946400        41445.190133899050        47406.048312821578        55949.165782313241        64928.254351071060     
   437267.29770253383        447593.39254373731        460263.51127468998        18448.976561742897        28775.071402946400        41445.190133899050        51411.348553832897        59880.816329403853        68662.016584467623     
   514994.75546764705        525320.85030885052        537990.96903980325        18448.976561742897        28775.071402946400        41445.190133899050        56720.319563185156        65432.257921559787        74037.461502607417     
   603069.91021914675        613396.00506035017        626066.12379130290        18448.976561742897        28775.071402946400        41445.190133899050        61550.300581165757        70363.212732111569        79601.459747319706     
   702372.78015604883        712698.87499725225        725368.99372820498        18448.976561742897        28775.071402946400        41445.190133899050        67742.833624686114        76557.836335494983        85882.536786826007     
   813819.30258753314        824145.39742873656        836815.51615968929        18448.976561742897        28775.071402946400        41445.190133899050        75083.212011646465        83584.319823602273        92790.531060229536     
   938361.33393294329        948687.42877414671        961357.54750509944        18448.976561742897        28775.071402946400        41445.190133899050        82939.151188947420        92495.180135672999        100340.53622187981     
   1076986.6497217864        1087312.7445629900        1099982.8632939425        18448.976561742897        28775.071402946400        41445.190133899050        92133.868616141306        100004.64368824816        108002.92959349191     
   1230718.9445937350        1241045.0394349387        1253715.1581658912        18448.976561742897        28775.071402946400        41445.190133899050        102447.48032427514        111216.27885205871        121791.75374527178     
   1400617.8322986232        1410943.9271398268        1423614.0458707793        18448.976561742897        28775.071402946400        41445.190133899050        115098.44737552521        124234.86456208513        133059.16658687545     
   1587778.8456964518        1598104.9405376555        1610775.0592686080        18448.976561742897        28775.071402946400        41445.190133899050        130518.56772961793        137688.73887978418        147704.71294089354     
   1793333.4367573834        1803659.5315985871        1816329.6503295396        18448.976561742897        28775.071402946400        41445.190133899050        151316.51413453420        158274.48201538078        169654.52200135391     
   2018448.9765617433        2028775.0714029470        2041445.1901338995        18448.976561742897        28775.071402946400        41445.190133899050        173752.38508447245        183275.89172507549        187028.13302019832     
