   18448.976561742897        28775.071402946400        41445.190133899050        18448.976561742897        28775.071402946400        41445.190133899050        17899.290837019220        28186.966872804787        40719.498279113934     
   18450.473191333058        28776.568032536561        41446.686763489211        18448.976561742897        28775.071402946400        41445.190133899050        17900.748988190731        28188.348471088728        40720.960494628409     
   18472.922635185503        28799.017476389006        41469.136207341660        18448.976561742897        28775.071402946400        41445.190133899050        17921.395450651369        28209.813963077177        40742.253730241137     
   18570.203558546094        28896.298399749598        41566.417130702248        18448.976561742897        28775.071402946400        41445.190133899050        18344.557410030411        28301.772531958573        40835.408535070390     
   18832.113736824613        29158.208578028116        41828.327308980763        18448.976561742897        28775.071402946400        41445.190133899050        18258.634056044371        28553.539140932746        40401.887813042973     
   19384.370055594743        29710.464896798247        42380.583627750893        18448.976561742897        28775.071402946400        41445.190133899050        18774.956523466622        28435.491362410583        39792.010555960180     
   20388.608510594084        30714.703351797587        43384.822082750237        18448.976561742897        28775.071402946400        41445.190133899050        19045.108573691978        29350.109235954071        40669.095809506689     
   22042.384207724150        32368.479048927649        45038.597779880300        18448.976561742897        28775.071402946400        41445.190133899050        19459.278178799497        29709.174175441578        40520.979040356804     
   24579.171363050355        34905.266204253858        47575.384935206508        18448.976561742897        28775.071402946400        41445.190133899050        20062.424322354287        30227.710031421826        42549.144300239277     
   28268.363302802034        38594.458144005534        51264.576874958184        18448.976561742897        28775.071402946400        41445.190133899050        20835.344026557097        30877.071071019316        43086.593661574901     
   33415.272463372428        43741.367304575935        56411.486035528578        18448.976561742897        28775.071402946400        41445.190133899050        21751.610317828687        31684.296246357590        43614.216032269556     
   40361.130391318693        50687.225232522193        63357.343963474850        18448.976561742897        28775.071402946400        41445.190133899050        22830.860473759178        32638.451440278215        44159.966989946304     
   49483.087743361903        59809.182584565409        72479.301315518067        18448.976561742897        28775.071402946400        41445.190133899050        24059.869527692153        33714.040213389817        44513.103560759846     
   61194.214286387010        71520.309127590517        84190.427858543175        18448.976561742897        28775.071402946400        41445.190133899050        25430.905346368665        34867.628424307375        42415.285138482366     
   75943.498897442914        86269.593738646421        98939.712469599064        18448.976561742897        28775.071402946400        41445.190133899050        26868.920649118867        35280.564332917165        42737.851847576327     
   94215.849563742406        104541.94440494591        117212.06313589856        18448.976561742897        28775.071402946400        41445.190133899050        27847.492950386171        35126.531238335141        43467.690505025726     
   116532.09338266221        126858.18822386571        139528.30695481837        18448.976561742897        28775.071402946400        41445.190133899050        28991.895065566394        36051.077880904370        44680.033604866832     
   143448.97656174292        153775.07140294643        166445.19013389907        18448.976561742897        28775.071402946400        41445.190133899050        30363.701789640552        37997.343172658766        46109.389534357462     
   175559.16441868906        185885.25925989257        198555.37799084521        18448.976561742897        28775.071402946400        41445.190133899050        31997.303578244075        39270.233926429282        47893.191651883884     
   213491.24138136912        223817.33622257263        236487.45495352527        18448.976561742897        28775.071402946400        41445.190133899050        33906.804433074249        41636.629511939995        50040.115304275860     
   257909.71098781540        268235.80582901894        280905.92455997155        18448.976561742897        28775.071402946400        41445.190133899050        36695.682137527554        44666.326317671337        52845.289925745783     
   309514.99588622421        319841.09072742774        332511.20945838036        18448.976561742897        28775.071402946400        41445.190133899050        39688.673918625151        47544.963610562190        56684.959367638294     
   369043.43783495564        379369.53267615917        392039.65140711179        18448.976561742897        28775.071402946400        41445.190133899050        43161.204490901313        51362.972205286111        60163.892702284858     
   437267.29770253383        447593.39254373731        460263.51127468998        18448.976561742897        28775.071402946400        41445.190133899050        47628.087365182248        55005.121524637449        63323.902914030943     
   514994.75546764705        525320.85030885052        537990.96903980325        18448.976561742897        28775.071402946400        41445.190133899050        51801.994074910464        60504.354206849261        69630.285444123481     
   603069.91021914675        613396.00506035017        626066.12379130290        18448.976561742897        28775.071402946400        41445.190133899050        57099.220793308989        64956.057308174873        72163.818623453495     
   702372.78015604883        712698.87499725225        725368.99372820498        18448.976561742897        28775.071402946400        41445.190133899050        63584.477375623173        70931.607456529935        80494.227648890897     
   813819.30258753314        824145.39742873656        836815.51615968929        18448.976561742897        28775.071402946400        41445.190133899050        71422.979081085272        76250.538525706914        84273.819825069018     
   938361.33393294329        948687.42877414671        961357.54750509944        18448.976561742897        28775.071402946400        41445.190133899050        79022.730876512011        86758.221363187797        93692.312280023092     
   1076986.6497217864        1087312.7445629900        1099982.8632939425        18448.976561742897        28775.071402946400        41445.190133899050        87766.360834722029        92512.067470216425        104077.67152553792     
   1230718.9445937350        1241045.0394349387        1253715.1581658912        18448.976561742897        28775.071402946400        41445.190133899050        92031.868207368534        103847.75854538582        111605.01491479456     
   1400617.8322986232        1410943.9271398268        1423614.0458707793        18448.976561742897        28775.071402946400        41445.190133899050        107417.13067277666        118353.75884996766        126361.55935473564     
   1587778.8456964518        1598104.9405376555        1610775.0592686080        18448.976561742897        28775.071402946400        41445.190133899050        120537.04352936949        134074.75694945297        140389.41836993152     
   1793333.4367573834        1803659.5315985871        1816329.6503295396        18448.976561742897        28775.071402946400        41445.190133899050        141577.16017237055        146754.38520745895        158387.10426021498     
   2018448.9765617433        2028775.0714029470        2041445.1901338995        18448.976561742897        28775.071402946400        41445.190133899050        164792.70647418508        170654.38084700747        179558.08467978443     
