   18448.976561742897        28775.071402946400        41445.190133899050        18448.976561742897        28775.071402946400        41445.190133899050        17892.110581481749        27516.240912425143        38532.113475477134     
   18450.473191333058        28776.568032536561        41446.686763489211        18448.976561742897        28775.071402946400        41445.190133899050        17893.530206889624        27517.839135997019        38533.471959872113     
   18472.922635185503        28799.017476389006        41469.136207341660        18448.976561742897        28775.071402946400        41445.190133899050        17914.573861037316        27538.399749403845        38553.522510405615     
   18570.203558546094        28896.298399749598        41566.417130702248        18448.976561742897        28775.071402946400        41445.190133899050        18005.784070277325        27627.043146926240        38636.442607223988     
   18832.113736824613        29158.208578028116        41828.327308980763        18448.976561742897        28775.071402946400        41445.190133899050        18251.175873431988        27865.563919455555        37338.234579716212     
   19384.370055594743        29710.464896798247        42380.583627750893        18448.976561742897        28775.071402946400        41445.190133899050        18117.791461476030        28367.115295067557        37775.269901703883     
   20388.608510594084        30714.703351797587        43384.822082750237        18448.976561742897        28775.071402946400        41445.190133899050        18988.523443859296        28237.217743951725        38564.214922245068     
   22042.384207724150        32368.479048927649        45038.597779880300        18448.976561742897        28775.071402946400        41445.190133899050        19361.958664877817        29622.556738866806        37468.084232819223     
   24579.171363050355        34905.266204253858        47575.384935206508        18448.976561742897        28775.071402946400        41445.190133899050        19887.055674502364        29976.017276179002        39211.726996539917     
   28268.363302802034        38594.458144005534        51264.576874958184        18448.976561742897        28775.071402946400        41445.190133899050        20560.288561007059        30484.546888513738        38886.577716051484     
   33415.272463372428        43741.367304575935        56411.486035528578        18448.976561742897        28775.071402946400        41445.190133899050        21374.934164512983        31103.440019204427        38631.443763469673     
   40361.130391318693        50687.225232522193        63357.343963474850        18448.976561742897        28775.071402946400        41445.190133899050        22331.043086134763        31767.716809665930        38418.337803510156     
   49483.087743361903        59809.182584565409        72479.301315518067        18448.976561742897        28775.071402946400        41445.190133899050        23403.682093887925        32568.894884730082        38064.721247711022     
   61194.214286387010        71520.309127590517        84190.427858543175        18448.976561742897        28775.071402946400        41445.190133899050        24581.139772017388        33472.009836221921        38295.636407790691     
   75943.498897442914        86269.593738646421        98939.712469599064        18448.976561742897        28775.071402946400        41445.190133899050        25814.085246523442        32898.870222631071        38605.403288524278     
   94215.849563742406        104541.94440494591        117212.06313589856        18448.976561742897        28775.071402946400        41445.190133899050        26684.383593232804        33447.312087638296        39180.747934243540     
   116532.09338266221        126858.18822386571        139528.30695481837        18448.976561742897        28775.071402946400        41445.190133899050        27819.079090666772        34267.231962550868        40058.507034035218     
   143448.97656174292        153775.07140294643        166445.19013389907        18448.976561742897        28775.071402946400        41445.190133899050        28964.406145144956        35247.955148724708        41308.431744057612     
   175559.16441868906        185885.25925989257        198555.37799084521        18448.976561742897        28775.071402946400        41445.190133899050        30158.537799191970        36389.891272871158        44223.269641269886     
   213491.24138136912        223817.33622257263        236487.45495352527        18448.976561742897        28775.071402946400        41445.190133899050        31848.974639786764        39022.534101577752        45689.099167117754     
   257909.71098781540        268235.80582901894        280905.92455997155        18448.976561742897        28775.071402946400        41445.190133899050        33936.692388981981        40627.231336775032        48591.035846361796     
   309514.99588622421        319841.09072742774        332511.20945838036        18448.976561742897        28775.071402946400        41445.190133899050        36459.408819994038        43044.186780978096        51326.148253207073     
   369043.43783495564        379369.53267615917        392039.65140711179        18448.976561742897        28775.071402946400        41445.190133899050        39298.365512179698        47248.088118701795        54552.101524536170     
   437267.29770253383        447593.39254373731        460263.51127468998        18448.976561742897        28775.071402946400        41445.190133899050        43025.543723877963        50032.581997239620        57618.379555201987     
   514994.75546764705        525320.85030885052        537990.96903980325        18448.976561742897        28775.071402946400        41445.190133899050        47036.903667566039        54442.815205395993        61681.920275005185     
   603069.91021914675        613396.00506035017        626066.12379130290        18448.976561742897        28775.071402946400        41445.190133899050        51109.030215819766        58506.338444186069        64844.268725095135     
   702372.78015604883        712698.87499725225        725368.99372820498        18448.976561742897        28775.071402946400        41445.190133899050        57267.089846085764        63692.022388756057        72822.678847587784     
   813819.30258753314        824145.39742873656        836815.51615968929        18448.976561742897        28775.071402946400        41445.190133899050        64064.066886218432        70048.887148593072        76246.096971056948     
   938361.33393294329        948687.42877414671        961357.54750509944        18448.976561742897        28775.071402946400        41445.190133899050        70983.736557732846        77408.309539152790        84762.628399463632     
   1076986.6497217864        1087312.7445629900        1099982.8632939425        18448.976561742897        28775.071402946400        41445.190133899050        78650.978753414311        84789.573824977517        92203.607630661238     
   1230718.9445937350        1241045.0394349387        1253715.1581658912        18448.976561742897        28775.071402946400        41445.190133899050        88773.456318676457        96977.333430107697        101901.06718035505     
   1400617.8322986232        1410943.9271398268        1423614.0458707793        18448.976561742897        28775.071402946400        41445.190133899050        100137.89931834524        106575.20454552215        113582.57876542905     
   1587778.8456964518        1598104.9405376555        1610775.0592686080        18448.976561742897        28775.071402946400        41445.190133899050        110885.01649103309        119125.99261755937        130982.25945132849     
   1793333.4367573834        1803659.5315985871        1816329.6503295396        18448.976561742897        28775.071402946400        41445.190133899050        132324.97819396298        137317.28900236651        147868.26067040022     
   2018448.9765617433        2028775.0714029470        2041445.1901338995        18448.976561742897        28775.071402946400        41445.190133899050        150699.71955219773        154665.63883035979        168392.28721972374     
