   14293.679765729619        23483.033861621527        34697.905635905918        14293.679765729619        23483.033861621527        34697.905635905918        13995.701057805934        21921.396092174102        32951.454572912975     
   14345.741406712543        23535.095502604450        34749.967276888841        14293.679765729619        23483.033861621527        34697.905635905918        14045.541807006321        21965.839964613588        32998.276858615005     
   15126.666021456400        24316.020117348307        35530.891891632695        14293.679765729619        23483.033861621527        34697.905635905918        13550.156106212529        22643.161822664668        33698.698236950855     
   18510.672685346442        27700.026781238354        38914.898555522741        14293.679765729619        23483.033861621527        34697.905635905918        16202.399280937032        21883.533677010404        36714.807276676940     
   27621.459857358106        36810.813953250014        48025.685727534408        14293.679765729619        23483.033861621527        34697.905635905918        18345.631597202282        27407.906347906574        38918.377767785911     
   46832.205380056985        56021.559475948889        67236.431250233290        14293.679765729619        23483.033861621527        34697.905635905918        21254.114767014933        30445.275375966441        42020.338427811279     
   81765.566479598812        90954.920575490731        102169.79234977512        14293.679765729619        23483.033861621527        34697.905635905918        24868.020368583548        32316.149942405005        41628.198288545624     
   139293.67976572964        148483.03386162154        159697.90563590595        14293.679765729619        23483.033861621527        34697.905635905918        28153.102045773012        36052.213535057483        43672.112070233583     
   227538.16123178540        236727.51532767731        247942.38710196171        14293.679765729619        23483.033861621527        34697.905635905918        33301.575292209687        40810.488809515446        47820.106513873347     
   355870.10625469248        365059.46035058436        376274.33212486876        14293.679765729619        23483.033861621527        34697.905635905918        40331.818339441626        47980.077395224274        55162.791780419095     
   534910.08959496743        544099.44369085936        555314.31546514377        14293.679765729619        23483.033861621527        34697.905635905918        50098.998605889385        57447.395214298529        64701.644214108324     
   776528.16539671656        785717.51949260850        796932.39126689290        14293.679765729619        23483.033861621527        34697.905635905918        63340.565077841806        71247.261527472452        77698.562922635872     
   1093843.8671876369        1103033.2212835287        1114248.0930578131        14293.679765729619        23483.033861621527        34697.905635905918        81871.812379989569        87511.851183648731        97521.336639975605     
   1501226.2078790157        1510415.5619749075        1521630.4337491919        14293.679765729619        23483.033861621527        34697.905635905918        110117.50281757183        113586.98061397813        123572.06258529508     
   2014293.6797657302        2023483.0338616220        2034697.9056359064        14293.679765729619        23483.033861621527        34697.905635905918        142631.90507530124        153268.41323477973        165161.47671607387     
