   18448.976561742897        28775.071402946400        41445.190133899050        18448.976561742897        28775.071402946400        41445.190133899050        18226.259900915418        28185.053687494954        40138.767581158405     
   18450.473191333058        28776.568032536561        41446.686763489211        18448.976561742897        28775.071402946400        41445.190133899050        18227.715690232319        28186.502877107319        40140.202257006720     
   18472.922635185503        28799.017476389006        41469.136207341660        18448.976561742897        28775.071402946400        41445.190133899050        18249.546223773650        28208.084307136902        40161.066976024609     
   18570.203558546094        28896.298399749598        41566.417130702248        18448.976561742897        28775.071402946400        41445.190133899050        18012.281249646403        27694.956380993688        40251.882501456632     
   18832.113736824613        29158.208578028116        41828.327308980763        18448.976561742897        28775.071402946400        41445.190133899050        18257.975407038557        27933.871242180860        40496.249680503228     
   19384.370055594743        29710.464896798247        42380.583627750893        18448.976561742897        28775.071402946400        41445.190133899050        18774.955435484830        28438.918197421299        41011.350926691171     
   20388.608510594084        30714.703351797587        43384.822082750237        18448.976561742897        28775.071402946400        41445.190133899050        19043.844738927255        29353.550749219095        40865.809813374566     
   22042.384207724150        32368.479048927649        45038.597779880300        18448.976561742897        28775.071402946400        41445.190133899050        19462.092831793118        29737.986338111899        42321.219142058602     
   24579.171363050355        34905.266204253858        47575.384935206508        18448.976561742897        28775.071402946400        41445.190133899050        20067.538352220385        30268.708780316731        42802.592941576717     
   28268.363302802034        38594.458144005534        51264.576874958184        18448.976561742897        28775.071402946400        41445.190133899050        20838.067197431854        30955.220666310779        43391.268516940341     
   33415.272463372428        43741.367304575935        56411.486035528578        18448.976561742897        28775.071402946400        41445.190133899050        21762.454340222688        31822.394978585544        44117.954537585305     
   40361.130391318693        50687.225232522193        63357.343963474850        18448.976561742897        28775.071402946400        41445.190133899050        22848.321408918491        32857.178763511707        44942.337459964125     
   49483.087743361903        59809.182584565409        72479.301315518067        18448.976561742897        28775.071402946400        41445.190133899050        24084.285029065963        34040.976165174245        45792.026708732446     
   61194.214286387010        71520.309127590517        84190.427858543175        18448.976561742897        28775.071402946400        41445.190133899050        25471.763363835649        35346.126767633716        46672.849424132932     
   75943.498897442914        86269.593738646421        98939.712469599064        18448.976561742897        28775.071402946400        41445.190133899050        27014.415152958594        36713.566638717370        44913.001868856212     
   94215.849563742406        104541.94440494591        117212.06313589856        18448.976561742897        28775.071402946400        41445.190133899050        28707.668970579398        38117.155115636931        44861.262433456352     
   116532.09338266221        126858.18822386571        139528.30695481837        18448.976561742897        28775.071402946400        41445.190133899050        30105.856968619013        38602.023254781314        45400.100735348213     
   143448.97656174292        153775.07140294643        166445.19013389907        18448.976561742897        28775.071402946400        41445.190133899050        31670.338947143613        39544.850957562987        46467.017806633005     
   175559.16441868906        185885.25925989257        198555.37799084521        18448.976561742897        28775.071402946400        41445.190133899050        33233.880699059366        40836.035989914628        47945.844152849728     
   213491.24138136912        223817.33622257263        236487.45495352527        18448.976561742897        28775.071402946400        41445.190133899050        34971.800337472501        42516.913648196656        50073.704897916781     
   257909.71098781540        268235.80582901894        280905.92455997155        18448.976561742897        28775.071402946400        41445.190133899050        37116.947652198542        44867.926117319686        52957.924814791528     
   309514.99588622421        319841.09072742774        332511.20945838036        18448.976561742897        28775.071402946400        41445.190133899050        40069.512486480417        47149.503441147222        55643.268682746791     
   369043.43783495564        379369.53267615917        392039.65140711179        18448.976561742897        28775.071402946400        41445.190133899050        43614.575583771730        51405.503423876049        59163.272271059577     
   437267.29770253383        447593.39254373731        460263.51127468998        18448.976561742897        28775.071402946400        41445.190133899050        47129.017092904251        54490.118898121182        63969.121330941947     
   514994.75546764705        525320.85030885052        537990.96903980325        18448.976561742897        28775.071402946400        41445.190133899050        51188.615697287394        59165.958066971987        69022.629121833816     
   603069.91021914675        613396.00506035017        626066.12379130290        18448.976561742897        28775.071402946400        41445.190133899050        55369.911895036850        64234.732290358137        71860.316652037436     
   702372.78015604883        712698.87499725225        725368.99372820498        18448.976561742897        28775.071402946400        41445.190133899050        62623.996954561801        69854.160768694914        79232.000468582119     
   813819.30258753314        824145.39742873656        836815.51615968929        18448.976561742897        28775.071402946400        41445.190133899050        69835.774546313012        75960.298237968207        84539.503341578049     
   938361.33393294329        948687.42877414671        961357.54750509944        18448.976561742897        28775.071402946400        41445.190133899050        76480.594536108169        83129.524563245825        91504.993645112336     
   1076986.6497217864        1087312.7445629900        1099982.8632939425        18448.976561742897        28775.071402946400        41445.190133899050        85005.256002245980        92098.073727014373        98894.656522022386     
   1230718.9445937350        1241045.0394349387        1253715.1581658912        18448.976561742897        28775.071402946400        41445.190133899050        93230.070046542722        104196.78121017355        112069.47712406349     
   1400617.8322986232        1410943.9271398268        1423614.0458707793        18448.976561742897        28775.071402946400        41445.190133899050        107067.67029089604        114422.04365045688        123022.93762029619     
   1587778.8456964518        1598104.9405376555        1610775.0592686080        18448.976561742897        28775.071402946400        41445.190133899050        119252.89455545184        129557.84229859668        137319.93964561290     
   1793333.4367573834        1803659.5315985871        1816329.6503295396        18448.976561742897        28775.071402946400        41445.190133899050        139121.30376453212        151912.48246601727        154686.96927666280     
   2018448.9765617433        2028775.0714029470        2041445.1901338995        18448.976561742897        28775.071402946400        41445.190133899050        161856.14829559257        172317.99177525134        177789.89383374082     
