   18448.976561742897        28775.071402946400        41445.190133899050        18448.976561742897        28775.071402946400        41445.190133899050        18227.768557809613        27571.659665067004        39949.857320549003     
   18450.473191333058        28776.568032536561        41446.686763489211        18448.976561742897        28775.071402946400        41445.190133899050        18229.223686621248        27573.227690839041        39948.982515973519     
   18472.922635185503        28799.017476389006        41469.136207341660        18448.976561742897        28775.071402946400        41445.190133899050        18251.050618795845        27593.599719446393        39971.265429648760     
   18570.203558546094        28896.298399749598        41566.417130702248        18448.976561742897        28775.071402946400        41445.190133899050        18013.653421503168        27681.193276391557        40059.003881795572     
   18832.113736824613        29158.208578028116        41828.327308980763        18448.976561742897        28775.071402946400        41445.190133899050        18259.338885747464        27922.083382382669        39196.956952091714     
   19384.370055594743        29710.464896798247        42380.583627750893        18448.976561742897        28775.071402946400        41445.190133899050        18776.934474737966        28425.812223964516        39676.587551275981     
   20388.608510594084        30714.703351797587        43384.822082750237        18448.976561742897        28775.071402946400        41445.190133899050        19039.671299888127        29340.177976117862        38881.410062098221     
   22042.384207724150        32368.479048927649        45038.597779880300        18448.976561742897        28775.071402946400        41445.190133899050        19450.380824457439        29696.588423150890        40194.279800662996     
   24579.171363050355        34905.266204253858        47575.384935206508        18448.976561742897        28775.071402946400        41445.190133899050        20047.561841231236        30195.293957002126        40032.086851713626     
   28268.363302802034        38594.458144005534        51264.576874958184        18448.976561742897        28775.071402946400        41445.190133899050        20814.717663674972        30831.627268783282        39925.782470919527     
   33415.272463372428        43741.367304575935        56411.486035528578        18448.976561742897        28775.071402946400        41445.190133899050        21725.826805442957        31593.406192567971        39947.157707978156     
   40361.130391318693        50687.225232522193        63357.343963474850        18448.976561742897        28775.071402946400        41445.190133899050        22793.989498332703        32502.571778016387        43496.211921390714     
   49483.087743361903        59809.182584565409        72479.301315518067        18448.976561742897        28775.071402946400        41445.190133899050        24003.590535057694        33529.053360203514        43747.829122417970     
   61194.214286387010        71520.309127590517        84190.427858543175        18448.976561742897        28775.071402946400        41445.190133899050        25347.754186196846        34629.794533489265        40103.257692889274     
   75943.498897442914        86269.593738646421        98939.712469599064        18448.976561742897        28775.071402946400        41445.190133899050        26780.992265477864        34409.490521228348        42064.051122672128     
   94215.849563742406        104541.94440494591        117212.06313589856        18448.976561742897        28775.071402946400        41445.190133899050        27935.341968385030        35075.677605453864        42650.764690184042     
   116532.09338266221        126858.18822386571        139528.30695481837        18448.976561742897        28775.071402946400        41445.190133899050        29195.984765675388        35954.200314172420        43547.578111818948     
   143448.97656174292        153775.07140294643        166445.19013389907        18448.976561742897        28775.071402946400        41445.190133899050        30523.553030758994        37050.793479200234        44636.479244075679     
   175559.16441868906        185885.25925989257        198555.37799084521        18448.976561742897        28775.071402946400        41445.190133899050        31987.714377627981        38917.386982217686        46177.845617959203     
   213491.24138136912        223817.33622257263        236487.45495352527        18448.976561742897        28775.071402946400        41445.190133899050        33711.818184310876        40746.810326376501        48224.290668385911     
   257909.71098781540        268235.80582901894        280905.92455997155        18448.976561742897        28775.071402946400        41445.190133899050        35847.549658202217        43195.711346258235        50878.288282654779     
   309514.99588622421        319841.09072742774        332511.20945838036        18448.976561742897        28775.071402946400        41445.190133899050        38620.767273787482        46277.610439370656        54577.025018673601     
   369043.43783495564        379369.53267615917        392039.65140711179        18448.976561742897        28775.071402946400        41445.190133899050        42073.476918682194        50286.836800985555        57190.746609709735     
   437267.29770253383        447593.39254373731        460263.51127468998        18448.976561742897        28775.071402946400        41445.190133899050        45814.126637239518        52600.185353897454        61970.564316444870     
   514994.75546764705        525320.85030885052        537990.96903980325        18448.976561742897        28775.071402946400        41445.190133899050        49717.491516297683        56396.417255187385        65399.898940745006     
   603069.91021914675        613396.00506035017        626066.12379130290        18448.976561742897        28775.071402946400        41445.190133899050        55111.311886240183        62291.186343050475        70538.884300157268     
   702372.78015604883        712698.87499725225        725368.99372820498        18448.976561742897        28775.071402946400        41445.190133899050        61290.172994572051        68072.472802013886        75629.239480538163     
   813819.30258753314        824145.39742873656        836815.51615968929        18448.976561742897        28775.071402946400        41445.190133899050        68739.372636954969        74903.422999732647        83149.106397658994     
   938361.33393294329        948687.42877414671        961357.54750509944        18448.976561742897        28775.071402946400        41445.190133899050        75213.449172888315        82358.623766611752        90621.505533000804     
   1076986.6497217864        1087312.7445629900        1099982.8632939425        18448.976561742897        28775.071402946400        41445.190133899050        83088.652012428953        90576.191708694547        98589.996178461181     
   1230718.9445937350        1241045.0394349387        1253715.1581658912        18448.976561742897        28775.071402946400        41445.190133899050        95465.932518365080        100639.64868911890        109370.38838160751     
   1400617.8322986232        1410943.9271398268        1423614.0458707793        18448.976561742897        28775.071402946400        41445.190133899050        105622.18127772333        112768.52153171900        120601.03038254923     
   1587778.8456964518        1598104.9405376555        1610775.0592686080        18448.976561742897        28775.071402946400        41445.190133899050        120467.59489262992        127512.09797591582        134936.38887205091     
   1793333.4367573834        1803659.5315985871        1816329.6503295396        18448.976561742897        28775.071402946400        41445.190133899050        137576.91069005243        147712.37718509865        153265.51831165509     
   2018448.9765617433        2028775.0714029470        2041445.1901338995        18448.976561742897        28775.071402946400        41445.190133899050        157000.77862072899        170735.69707645723        176342.60606686238     
