   18448.976561742897        28775.071402946400        41445.190133899050        18448.976561742897        28775.071402946400        41445.190133899050        17136.939216908053        26239.627185506630        38882.972775847404     
   18450.473191333058        28776.568032536561        41446.686763489211        18448.976561742897        28775.071402946400        41445.190133899050        17139.385744062678        26240.919954403267        38884.347898844833     
   18472.922635185503        28799.017476389006        41469.136207341660        18448.976561742897        28775.071402946400        41445.190133899050        17158.200515256827        26260.655918884306        38905.253296758383     
   18570.203558546094        28896.298399749598        41566.417130702248        18448.976561742897        28775.071402946400        41445.190133899050        17241.905086512637        26341.528325732390        38990.381930852353     
   18832.113736824613        29158.208578028116        41828.327308980763        18448.976561742897        28775.071402946400        41445.190133899050        17466.390398424148        26558.699345020454        39220.252406332940     
   19384.370055594743        29710.464896798247        42380.583627750893        18448.976561742897        28775.071402946400        41445.190133899050        17940.036549446777        27017.272067693790        39704.270386967983     
   20388.608510594084        30714.703351797587        43384.822082750237        18448.976561742897        28775.071402946400        41445.190133899050        17853.564887592169        26340.524359791849        38815.578813014472     
   22042.384207724150        32368.479048927649        45038.597779880300        18448.976561742897        28775.071402946400        41445.190133899050        17814.148285857489        27561.005040969801        40134.238049327760     
   24579.171363050355        34905.266204253858        47575.384935206508        18448.976561742897        28775.071402946400        41445.190133899050        19491.631739837685        27487.186285267802        39965.992896960684     
   28268.363302802034        38594.458144005534        51264.576874958184        18448.976561742897        28775.071402946400        41445.190133899050        19881.501967594646        29823.464820174755        39930.001490770170     
   33415.272463372428        43741.367304575935        56411.486035528578        18448.976561742897        28775.071402946400        41445.190133899050        20454.357105691754        30344.754991522062        40072.212551811215     
   40361.130391318693        50687.225232522193        63357.343963474850        18448.976561742897        28775.071402946400        41445.190133899050        21252.475853626223        30872.494299981692        43787.487000299487     
   49483.087743361903        59809.182584565409        72479.301315518067        18448.976561742897        28775.071402946400        41445.190133899050        22209.917968276462        31565.918843843312        44376.329933377339     
   61194.214286387010        71520.309127590517        84190.427858543175        18448.976561742897        28775.071402946400        41445.190133899050        23346.000116128111        32577.828598689361        45067.891133670084     
   75943.498897442914        86269.593738646421        98939.712469599064        18448.976561742897        28775.071402946400        41445.190133899050        24661.933654630084        33860.661763460623        43990.370702505723     
   94215.849563742406        104541.94440494591        117212.06313589856        18448.976561742897        28775.071402946400        41445.190133899050        26145.362234197077        35380.837251714125        44563.755896689610     
   116532.09338266221        126858.18822386571        139528.30695481837        18448.976561742897        28775.071402946400        41445.190133899050        27880.021569978962        36196.506191888031        45423.628005441213     
   143448.97656174292        153775.07140294643        166445.19013389907        18448.976561742897        28775.071402946400        41445.190133899050        29922.404974548488        38108.683350977772        46512.826276583277     
   175559.16441868906        185885.25925989257        198555.37799084521        18448.976561742897        28775.071402946400        41445.190133899050        32305.526277891062        40764.731947226974        47969.716309688250     
   213491.24138136912        223817.33622257263        236487.45495352527        18448.976561742897        28775.071402946400        41445.190133899050        35029.478641948939        41688.617813145123        49851.482632362939     
   257909.71098781540        268235.80582901894        280905.92455997155        18448.976561742897        28775.071402946400        41445.190133899050        37271.661340988547        43879.923035575564        52241.527481015961     
   309514.99588622421        319841.09072742774        332511.20945838036        18448.976561742897        28775.071402946400        41445.190133899050        39531.248549244396        46656.425926601434        55144.683377321417     
   369043.43783495564        379369.53267615917        392039.65140711179        18448.976561742897        28775.071402946400        41445.190133899050        42534.969594613147        50067.871579676605        58609.171101664426     
   437267.29770253383        447593.39254373731        460263.51127468998        18448.976561742897        28775.071402946400        41445.190133899050        46402.634260965715        54150.837772495113        62581.270930964842     
   514994.75546764705        525320.85030885052        537990.96903980325        18448.976561742897        28775.071402946400        41445.190133899050        50960.810424433876        58692.399001093800        67034.869597677607     
   603069.91021914675        613396.00506035017        626066.12379130290        18448.976561742897        28775.071402946400        41445.190133899050        56085.040849313416        63745.492830244257        71989.602477713284     
   702372.78015604883        712698.87499725225        725368.99372820498        18448.976561742897        28775.071402946400        41445.190133899050        61772.608663092229        69353.948474912788        77402.538555128995     
   813819.30258753314        824145.39742873656        836815.51615968929        18448.976561742897        28775.071402946400        41445.190133899050        68070.943638576573        75511.809000919864        83346.472946560039     
   938361.33393294329        948687.42877414671        961357.54750509944        18448.976561742897        28775.071402946400        41445.190133899050        74991.824272878890        82282.205390344869        89930.822920277671     
   1076986.6497217864        1087312.7445629900        1099982.8632939425        18448.976561742897        28775.071402946400        41445.190133899050        82624.019621408035        89755.412745844180        97168.474018471607     
   1230718.9445937350        1241045.0394349387        1253715.1581658912        18448.976561742897        28775.071402946400        41445.190133899050        91213.152677048973        98066.046322105874        105157.54936291222     
   1400617.8322986232        1410943.9271398268        1423614.0458707793        18448.976561742897        28775.071402946400        41445.190133899050        100653.76845305123        107348.37923738659        114214.91701454186     
   1587778.8456964518        1598104.9405376555        1610775.0592686080        18448.976561742897        28775.071402946400        41445.190133899050        111392.18538698128        118013.61898859723        124997.20658775800     
   1793333.4367573834        1803659.5315985871        1816329.6503295396        18448.976561742897        28775.071402946400        41445.190133899050        124471.28546107491        131338.80238229799        138768.09639976802     
   2018448.9765617433        2028775.0714029470        2041445.1901338995        18448.976561742897        28775.071402946400        41445.190133899050        143688.64927015372        151164.33468999274        159385.77311010100     
