   18448.976561742897        28775.071402946400        41445.190133899050        18448.976561742897        28775.071402946400        41445.190133899050        17900.034818860178        28545.198325156103        40230.764828555395     
   18450.473191333058        28776.568032536561        41446.686763489211        18448.976561742897        28775.071402946400        41445.190133899050        17901.428461626678        28546.640113967056        40232.142224517564     
   18472.922635185503        28799.017476389006        41469.136207341660        18448.976561742897        28775.071402946400        41445.190133899050        17922.833184442890        28568.739468440755        40253.265110902736     
   18570.203558546094        28896.298399749598        41566.417130702248        18448.976561742897        28775.071402946400        41445.190133899050        18013.932205699020        28323.343419729157        40344.666265562737     
   18832.113736824613        29158.208578028116        41828.327308980763        18448.976561742897        28775.071402946400        41445.190133899050        18259.420020895130        28920.746945522449        40590.549159951464     
   19384.370055594743        29710.464896798247        42380.583627750893        18448.976561742897        28775.071402946400        41445.190133899050        18776.632015742704        28444.540497761274        41105.158087254596     
   20388.608510594084        30714.703351797587        43384.822082750237        18448.976561742897        28775.071402946400        41445.190133899050        19045.166681037404        29360.264734363474        42053.230604553333     
   22042.384207724150        32368.479048927649        45038.597779880300        18448.976561742897        28775.071402946400        41445.190133899050        19466.443167369347        29759.783524637161        42433.345817964160     
   24579.171363050355        34905.266204253858        47575.384935206508        18448.976561742897        28775.071402946400        41445.190133899050        20073.572636229637        30297.471646666610        42986.735194351699     
   28268.363302802034        38594.458144005534        51264.576874958184        18448.976561742897        28775.071402946400        41445.190133899050        20842.255688414960        31015.238555890988        43685.770619856688     
   33415.272463372428        43741.367304575935        56411.486035528578        18448.976561742897        28775.071402946400        41445.190133899050        21769.397896447517        31919.060709359961        44554.489691085910     
   40361.130391318693        50687.225232522193        63357.343963474850        18448.976561742897        28775.071402946400        41445.190133899050        22863.625096506439        32994.364437746495        45586.783537900861     
   49483.087743361903        59809.182584565409        72479.301315518067        18448.976561742897        28775.071402946400        41445.190133899050        24107.957636308834        34219.566502208290        46768.843109427005     
   61194.214286387010        71520.309127590517        84190.427858543175        18448.976561742897        28775.071402946400        41445.190133899050        25515.031122399916        35595.555124117003        48075.991279158108     
   75943.498897442914        86269.593738646421        98939.712469599064        18448.976561742897        28775.071402946400        41445.190133899050        27070.276942366312        37132.013726349192        49498.018711339377     
   94215.849563742406        104541.94440494591        117212.06313589856        18448.976561742897        28775.071402946400        41445.190133899050        28799.830940036511        38844.152384016808        51025.215231245427     
   116532.09338266221        126858.18822386571        139528.30695481837        18448.976561742897        28775.071402946400        41445.190133899050        30719.849935510836        40745.897102826013        52703.186271917017     
   143448.97656174292        153775.07140294643        166445.19013389907        18448.976561742897        28775.071402946400        41445.190133899050        32863.242014738527        42860.343568112716        54514.914918418232     
   175559.16441868906        185885.25925989257        198555.37799084521        18448.976561742897        28775.071402946400        41445.190133899050        35264.417134118987        45201.738120150563        56508.088654191750     
   213491.24138136912        223817.33622257263        236487.45495352527        18448.976561742897        28775.071402946400        41445.190133899050        37954.609524993240        47759.736664827818        58704.188435797478     
   257909.71098781540        268235.80582901894        280905.92455997155        18448.976561742897        28775.071402946400        41445.190133899050        40952.901178131171        50622.525047282514        61118.551772485931     
   309514.99588622421        319841.09072742774        332511.20945838036        18448.976561742897        28775.071402946400        41445.190133899050        44269.363526240661        53748.711622115079        63824.623546050294     
   369043.43783495564        379369.53267615917        392039.65140711179        18448.976561742897        28775.071402946400        41445.190133899050        47904.558215728852        57131.490630008804        66820.078361913766     
   437267.29770253383        447593.39254373731        460263.51127468998        18448.976561742897        28775.071402946400        41445.190133899050        51877.470804313518        60857.267848914984        70205.069375777064     
   514994.75546764705        525320.85030885052        537990.96903980325        18448.976561742897        28775.071402946400        41445.190133899050        56225.563242129880        64961.377484312572        74000.949918743136     
   603069.91021914675        613396.00506035017        626066.12379130290        18448.976561742897        28775.071402946400        41445.190133899050        61027.663036971091        69542.196424783819        78262.440640818124     
   702372.78015604883        712698.87499725225        725368.99372820498        18448.976561742897        28775.071402946400        41445.190133899050        66315.612703238905        74663.011103942350        82999.118012233899     
   813819.30258753314        824145.39742873656        836815.51615968929        18448.976561742897        28775.071402946400        41445.190133899050        72181.903361318633        80214.786257838772        88366.476547346712     
   938361.33393294329        948687.42877414671        961357.54750509944        18448.976561742897        28775.071402946400        41445.190133899050        78613.522287810600        86416.527729794514        94282.336347509903     
   1076986.6497217864        1087312.7445629900        1099982.8632939425        18448.976561742897        28775.071402946400        41445.190133899050        85860.902588536104        93472.211721288782        100840.65034794399     
   1230718.9445937350        1241045.0394349387        1253715.1581658912        18448.976561742897        28775.071402946400        41445.190133899050        93782.100878971643        101073.58329646297        108109.32565551810     
   1400617.8322986232        1410943.9271398268        1423614.0458707793        18448.976561742897        28775.071402946400        41445.190133899050        102514.50541030780        109529.29715252083        116092.00998152327     
   1587778.8456964518        1598104.9405376555        1610775.0592686080        18448.976561742897        28775.071402946400        41445.190133899050        112109.35579047649        118736.92590511845        124849.53499584051     
   1793333.4367573834        1803659.5315985871        1816329.6503295396        18448.976561742897        28775.071402946400        41445.190133899050        122624.77259740395        128847.42608145440        134487.96182788874     
   2018448.9765617433        2028775.0714029470        2041445.1901338995        18448.976561742897        28775.071402946400        41445.190133899050        134115.18026780349        139920.29588619818        145016.11691102193     
