   18448.976561742897        28775.071402946400        41445.190133899050        18448.976561742897        28775.071402946400        41445.190133899050        15897.243323914423        26191.646280315013        38911.464474307344     
   18450.473191333058        28776.568032536561        41446.686763489211        18448.976561742897        28775.071402946400        41445.190133899050        15898.366006755046        26193.003623967739        38912.867308776476     
   18472.922635185503        28799.017476389006        41469.136207341660        18448.976561742897        28775.071402946400        41445.190133899050        15914.922571361178        26213.363778758543        38928.971714435160     
   18570.203558546094        28896.298399749598        41566.417130702248        18448.976561742897        28775.071402946400        41445.190133899050        15989.377283363719        26294.784433909401        39016.817688893178     
   18832.113736824613        29158.208578028116        41828.327308980763        18448.976561742897        28775.071402946400        41445.190133899050        16185.326325751943        26508.208442053896        39245.680308661162     
   19384.370055594743        29710.464896798247        42380.583627750893        18448.976561742897        28775.071402946400        41445.190133899050        16594.155130588282        25362.179975564184        38061.350776557476     
   20388.608510594084        30714.703351797587        43384.822082750237        18448.976561742897        28775.071402946400        41445.190133899050        15938.386456842112        26101.853310908831        38867.632435714986     
   22042.384207724150        32368.479048927649        45038.597779880300        18448.976561742897        28775.071402946400        41445.190133899050        16979.861241047081        27298.705875515749        40194.621407579776     
   24579.171363050355        34905.266204253858        47575.384935206508        18448.976561742897        28775.071402946400        41445.190133899050        16931.813186876185        27140.417366865331        40014.052452825854     
   28268.363302802034        38594.458144005534        51264.576874958184        18448.976561742897        28775.071402946400        41445.190133899050        17061.759697223155        27179.673325450342        40026.454807478483     
   33415.272463372428        43741.367304575935        56411.486035528578        18448.976561742897        28775.071402946400        41445.190133899050        17348.587247357420        27370.257172924154        40189.815518366770     
   40361.130391318693        50687.225232522193        63357.343963474850        18448.976561742897        28775.071402946400        41445.190133899050        17758.348549815957        27725.208221507295        43928.314312827890     
   49483.087743361903        59809.182584565409        72479.301315518067        18448.976561742897        28775.071402946400        41445.190133899050        20402.911775999135        31125.520980451398        44550.041509065064     
   61194.214286387010        71520.309127590517        84190.427858543175        18448.976561742897        28775.071402946400        41445.190133899050        21233.614151433416        31863.910385225870        45399.363868474931     
   75943.498897442914        86269.593738646421        98939.712469599064        18448.976561742897        28775.071402946400        41445.190133899050        22360.184584650167        32852.302942355411        46434.884184369861     
   94215.849563742406        104541.94440494591        117212.06313589856        18448.976561742897        28775.071402946400        41445.190133899050        23697.153836901343        34059.061192900946        47656.086905593402     
   116532.09338266221        126858.18822386571        139528.30695481837        18448.976561742897        28775.071402946400        41445.190133899050        25250.226730156897        35488.987225734352        49084.723534055978     
   143448.97656174292        153775.07140294643        166445.19013389907        18448.976561742897        28775.071402946400        41445.190133899050        27014.712818287415        37147.198248125263        50725.622407943643     
   175559.16441868906        185885.25925989257        198555.37799084521        18448.976561742897        28775.071402946400        41445.190133899050        29004.376443418420        39072.043305712825        52657.208969328451     
   213491.24138136912        223817.33622257263        236487.45495352527        18448.976561742897        28775.071402946400        41445.190133899050        31225.773048602226        41271.018983007452        54856.623756676854     
   257909.71098781540        268235.80582901894        280905.92455997155        18448.976561742897        28775.071402946400        41445.190133899050        33742.463664107941        43777.539243962994        57342.582746754677     
   309514.99588622421        319841.09072742774        332511.20945838036        18448.976561742897        28775.071402946400        41445.190133899050        36607.226458695979        46611.211021728799        60180.230458202102     
   369043.43783495564        379369.53267615917        392039.65140711179        18448.976561742897        28775.071402946400        41445.190133899050        39858.463278489959        49839.050685569644        63392.016991644887     
   437267.29770253383        447593.39254373731        460263.51127468998        18448.976561742897        28775.071402946400        41445.190133899050        43544.226465476335        53491.136958460469        67032.939172566374     
   514994.75546764705        525320.85030885052        537990.96903980325        18448.976561742897        28775.071402946400        41445.190133899050        47733.472300076639        57696.335592657684        71127.003065395533     
   603069.91021914675        613396.00506035017        626066.12379130290        18448.976561742897        28775.071402946400        41445.190133899050        52431.755993802719        62396.146989690271        75835.955199035438     
   702372.78015604883        712698.87499725225        725368.99372820498        18448.976561742897        28775.071402946400        41445.190133899050        57723.107618254602        67701.635213569360        81102.391537192496     
   813819.30258753314        824145.39742873656        836815.51615968929        18448.976561742897        28775.071402946400        41445.190133899050        63583.715935261251        73622.720844064053        86983.481879027386     
   938361.33393294329        948687.42877414671        961357.54750509944        18448.976561742897        28775.071402946400        41445.190133899050        70195.682440010103        80212.389107380994        93580.286123064812     
   1076986.6497217864        1087312.7445629900        1099982.8632939425        18448.976561742897        28775.071402946400        41445.190133899050        77471.503873438138        87553.868532741530        100905.12087032315     
   1230718.9445937350        1241045.0394349387        1253715.1581658912        18448.976561742897        28775.071402946400        41445.190133899050        85468.130328203668        95562.277481422381        108991.07718044045     
   1400617.8322986232        1410943.9271398268        1423614.0458707793        18448.976561742897        28775.071402946400        41445.190133899050        94274.500649539274        104428.61781663945        117861.22169124274     
   1587778.8456964518        1598104.9405376555        1610775.0592686080        18448.976561742897        28775.071402946400        41445.190133899050        103936.82727962617        114013.28061319278        127682.46168766357     
   1793333.4367573834        1803659.5315985871        1816329.6503295396        18448.976561742897        28775.071402946400        41445.190133899050        114479.96525215937        124760.81995198064        138206.14266585151     
   2018448.9765617433        2028775.0714029470        2041445.1901338995        18448.976561742897        28775.071402946400        41445.190133899050        126052.88233128941        136315.57098313284        149863.83380997396     
