   18448.976561742897        28775.071402946400        41445.190133899050        18448.976561742897        28775.071402946400        41445.190133899050        17898.788357137011        28545.198325156103        40859.243176605822     
   18450.473191333058        28776.568032536561        41446.686763489211        18448.976561742897        28775.071402946400        41445.190133899050        17900.181766055139        28546.640113967056        40860.712019162776     
   18472.922635185503        28799.017476389006        41469.136207341660        18448.976561742897        28775.071402946400        41445.190133899050        17921.082899826892        28568.739468440755        40882.497911654791     
   18570.203558546094        28896.298399749598        41566.417130702248        18448.976561742897        28775.071402946400        41445.190133899050        18012.413721569319        28323.343419729157        40348.750112465692     
   18832.113736824613        29158.208578028116        41828.327308980763        18448.976561742897        28775.071402946400        41445.190133899050        18258.113693988358        28920.746945522449        40594.760350730692     
   19384.370055594743        29710.464896798247        42380.583627750893        18448.976561742897        28775.071402946400        41445.190133899050        18774.960875394812        28444.540497761274        41113.186616856154     
   20388.608510594084        30714.703351797587        43384.822082750237        18448.976561742897        28775.071402946400        41445.190133899050        19040.518093391871        29360.264734363474        42055.324301845903     
   22042.384207724150        32368.479048927649        45038.597779880300        18448.976561742897        28775.071402946400        41445.190133899050        19452.160507193308        29759.783524637161        42444.970487620070     
   24579.171363050355        34905.266204253858        47575.384935206508        18448.976561742897        28775.071402946400        41445.190133899050        20049.325284960039        30297.471646666610        43007.714823390292     
   28268.363302802034        38594.458144005534        51264.576874958184        18448.976561742897        28775.071402946400        41445.190133899050        20808.191612372102        31015.238555890988        43723.270258382137     
   33415.272463372428        43741.367304575935        56411.486035528578        18448.976561742897        28775.071402946400        41445.190133899050        21717.595434582356        31919.060709359961        44620.098367843544     
   40361.130391318693        50687.225232522193        63357.343963474850        18448.976561742897        28775.071402946400        41445.190133899050        22788.901324361825        32994.364437746495        45688.296177676428     
   49483.087743361903        59809.182584565409        72479.301315518067        18448.976561742897        28775.071402946400        41445.190133899050        24003.723875029285        34219.566502208290        46905.888941190453     
   61194.214286387010        71520.309127590517        84190.427858543175        18448.976561742897        28775.071402946400        41445.190133899050        25368.807397979414        35595.555124117003        48261.753185308087     
   75943.498897442914        86269.593738646421        98939.712469599064        18448.976561742897        28775.071402946400        41445.190133899050        26882.301044465861        37132.013726349192        49726.219706958887     
   94215.849563742406        104541.94440494591        117212.06313589856        18448.976561742897        28775.071402946400        41445.190133899050        28555.140773760570        38844.152384016808        51306.947025306028     
   116532.09338266221        126858.18822386571        139528.30695481837        18448.976561742897        28775.071402946400        41445.190133899050        30410.990241121905        40745.897102826013        53044.004622570821     
   143448.97656174292        153775.07140294643        166445.19013389907        18448.976561742897        28775.071402946400        41445.190133899050        32479.243929954791        42860.343568112716        54929.553034709519     
   175559.16441868906        185885.25925989257        198555.37799084521        18448.976561742897        28775.071402946400        41445.190133899050        34793.659687610372        45201.738120150563        56994.134261436382     
   213491.24138136912        223817.33622257263        236487.45495352527        18448.976561742897        28775.071402946400        41445.190133899050        37397.098615801602        47759.736664827818        59242.367685990437     
   257909.71098781540        268235.80582901894        280905.92455997155        18448.976561742897        28775.071402946400        41445.190133899050        40241.516670950012        50622.525047282514        61769.106261762070     
   309514.99588622421        319841.09072742774        332511.20945838036        18448.976561742897        28775.071402946400        41445.190133899050        43413.118239519659        53748.711622115079        64549.270764153436     
   369043.43783495564        379369.53267615917        392039.65140711179        18448.976561742897        28775.071402946400        41445.190133899050        46889.071626593897        57131.490630008804        67650.628846153995     
   437267.29770253383        447593.39254373731        460263.51127468998        18448.976561742897        28775.071402946400        41445.190133899050        50670.439282647851        60857.267848914984        71108.903822335094     
   514994.75546764705        525320.85030885052        537990.96903980325        18448.976561742897        28775.071402946400        41445.190133899050        54822.358275875515        64961.377484312572        75007.650653809193     
   603069.91021914675        613396.00506035017        626066.12379130290        18448.976561742897        28775.071402946400        41445.190133899050        59398.017743085460        69542.196424783819        79375.657289281502     
   702372.78015604883        712698.87499725225        725368.99372820498        18448.976561742897        28775.071402946400        41445.190133899050        64507.480378557259        74663.011103942350        84249.816408435116     
   813819.30258753314        824145.39742873656        836815.51615968929        18448.976561742897        28775.071402946400        41445.190133899050        70164.119928046101        80214.786257838772        89681.165802267613     
   938361.33393294329        948687.42877414671        961357.54750509944        18448.976561742897        28775.071402946400        41445.190133899050        76409.784220861897        86416.527729794514        95710.473342429672     
   1076986.6497217864        1087312.7445629900        1099982.8632939425        18448.976561742897        28775.071402946400        41445.190133899050        83361.257991219725        93472.211721288782        102409.79416600826     
   1230718.9445937350        1241045.0394349387        1253715.1581658912        18448.976561742897        28775.071402946400        41445.190133899050        91046.077584297425        101073.58329646297        109819.59120807311     
   1400617.8322986232        1410943.9271398268        1423614.0458707793        18448.976561742897        28775.071402946400        41445.190133899050        99495.281608802266        109529.29715252083        117947.52848089323     
   1587778.8456964518        1598104.9405376555        1610775.0592686080        18448.976561742897        28775.071402946400        41445.190133899050        108785.30404267971        118736.92590511845        126881.91410915212     
   1793333.4367573834        1803659.5315985871        1816329.6503295396        18448.976561742897        28775.071402946400        41445.190133899050        118975.47731936738        128847.42608145440        136675.45259089099     
   2018448.9765617433        2028775.0714029470        2041445.1901338995        18448.976561742897        28775.071402946400        41445.190133899050        130141.38523854082        139920.29588619818        147460.33696421911     
