   18448.976561742897        28775.071402946400        41445.190133899050        18448.976561742897        28775.071402946400        41445.190133899050        18227.706234723453        27582.695699571173        40792.364105632834     
   18450.473191333058        28776.568032536561        41446.686763489211        18448.976561742897        28775.071402946400        41445.190133899050        18229.161351842682        27584.164628221381        40794.571414392463     
   18472.922635185503        28799.017476389006        41469.136207341660        18448.976561742897        28775.071402946400        41445.190133899050        18251.261590602233        27604.698297657917        40815.915081958417     
   18570.203558546094        28896.298399749598        41566.417130702248        18448.976561742897        28775.071402946400        41445.190133899050        18014.122016215049        27693.724408178081        40214.996391834648     
   18832.113736824613        29158.208578028116        41828.327308980763        18448.976561742897        28775.071402946400        41445.190133899050        18259.391444994122        27933.305995375522        40458.600465161609     
   19384.370055594743        29710.464896798247        42380.583627750893        18448.976561742897        28775.071402946400        41445.190133899050        18776.327380783463        28437.746039675665        40972.893615399516     
   20388.608510594084        30714.703351797587        43384.822082750237        18448.976561742897        28775.071402946400        41445.190133899050        19041.090692861020        29352.951734288916        40793.471958521935     
   22042.384207724150        32368.479048927649        45038.597779880300        18448.976561742897        28775.071402946400        41445.190133899050        19458.535584992147        29718.622130463831        42241.399306934421     
   24579.171363050355        34905.266204253858        47575.384935206508        18448.976561742897        28775.071402946400        41445.190133899050        20061.119175952088        30246.461334999480        42734.179107407326     
   28268.363302802034        38594.458144005534        51264.576874958184        18448.976561742897        28775.071402946400        41445.190133899050        20830.724303488969        30897.646253151957        43235.230381880086     
   33415.272463372428        43741.367304575935        56411.486035528578        18448.976561742897        28775.071402946400        41445.190133899050        21752.162150863180        31718.428181330011        43847.948363074727     
   40361.130391318693        50687.225232522193        63357.343963474850        18448.976561742897        28775.071402946400        41445.190133899050        22831.178816001207        32682.306728659401        44472.930027570466     
   49483.087743361903        59809.182584565409        72479.301315518067        18448.976561742897        28775.071402946400        41445.190133899050        24053.040616248669        33743.333242250374        42730.167922891167     
   61194.214286387010        71520.309127590517        84190.427858543175        18448.976561742897        28775.071402946400        41445.190133899050        24929.785824260052        33464.734701726891        42940.168400601826     
   75943.498897442914        86269.593738646421        98939.712469599064        18448.976561742897        28775.071402946400        41445.190133899050        26127.022113180632        34178.572863463727        41900.218340581552     
   94215.849563742406        104541.94440494591        117212.06313589856        18448.976561742897        28775.071402946400        41445.190133899050        27353.851161795654        35295.409798177017        44362.898209915540     
   116532.09338266221        126858.18822386571        139528.30695481837        18448.976561742897        28775.071402946400        41445.190133899050        28851.830211889017        36674.128503925189        45475.549323080166     
   143448.97656174292        153775.07140294643        166445.19013389907        18448.976561742897        28775.071402946400        41445.190133899050        30618.850315415679        38817.956433706480        46871.104394802853     
   175559.16441868906        185885.25925989257        198555.37799084521        18448.976561742897        28775.071402946400        41445.190133899050        32625.742515393140        40664.755668076723        48501.554854674374     
   213491.24138136912        223817.33622257263        236487.45495352527        18448.976561742897        28775.071402946400        41445.190133899050        34896.761242534398        42784.130009593944        50567.782137102819     
   257909.71098781540        268235.80582901894        280905.92455997155        18448.976561742897        28775.071402946400        41445.190133899050        37288.545694078588        45289.114991380040        53593.962950746616     
   309514.99588622421        319841.09072742774        332511.20945838036        18448.976561742897        28775.071402946400        41445.190133899050        40137.456827685659        48235.712025899251        56445.884541177838     
   369043.43783495564        379369.53267615917        392039.65140711179        18448.976561742897        28775.071402946400        41445.190133899050        43833.096445971365        51418.335962933073        59531.358519736757     
   437267.29770253383        447593.39254373731        460263.51127468998        18448.976561742897        28775.071402946400        41445.190133899050        47677.053727088838        55541.811954244295        63676.048916761683     
   514994.75546764705        525320.85030885052        537990.96903980325        18448.976561742897        28775.071402946400        41445.190133899050        52307.077910047854        59908.382633983703        67993.447069652029     
   603069.91021914675        613396.00506035017        626066.12379130290        18448.976561742897        28775.071402946400        41445.190133899050        57160.537582728437        65138.410996228602        73179.553907641122     
   702372.78015604883        712698.87499725225        725368.99372820498        18448.976561742897        28775.071402946400        41445.190133899050        62930.403332924754        70904.291649875886        79011.645020545358     
   813819.30258753314        824145.39742873656        836815.51615968929        18448.976561742897        28775.071402946400        41445.190133899050        69790.670693314358        77420.424955637209        84738.782903239815     
   938361.33393294329        948687.42877414671        961357.54750509944        18448.976561742897        28775.071402946400        41445.190133899050        77351.590160334061        84841.834282676034        93547.474502765981     
   1076986.6497217864        1087312.7445629900        1099982.8632939425        18448.976561742897        28775.071402946400        41445.190133899050        85961.951933478791        93219.382729363671        102367.16517278629     
   1230718.9445937350        1241045.0394349387        1253715.1581658912        18448.976561742897        28775.071402946400        41445.190133899050        95958.279089449483        103426.15985306869        111679.21126958494     
   1400617.8322986232        1410943.9271398268        1423614.0458707793        18448.976561742897        28775.071402946400        41445.190133899050        107129.38762903215        115373.52518914407        124090.51520911533     
   1587778.8456964518        1598104.9405376555        1610775.0592686080        18448.976561742897        28775.071402946400        41445.190133899050        122514.44684388423        130860.72654576979        140030.33609996660     
   1793333.4367573834        1803659.5315985871        1816329.6503295396        18448.976561742897        28775.071402946400        41445.190133899050        141891.12990919407        151752.83042890078        159267.02806168507     
   2018448.9765617433        2028775.0714029470        2041445.1901338995        18448.976561742897        28775.071402946400        41445.190133899050        164637.99620356347        169773.70144053170        178316.63119096670     
