   18448.976561742897        28775.071402946400        41445.190133899050        18448.976561742897        28775.071402946400        41445.190133899050        17900.571016505761        27585.947205723751        41184.560159880362     
   18450.473191333058        28776.568032536561        41446.686763489211        18448.976561742897        28775.071402946400        41445.190133899050        17901.964759868195        27587.683399784808        41186.073324739293     
   18472.922635185503        28799.017476389006        41469.136207341660        18448.976561742897        28775.071402946400        41445.190133899050        17923.007407109486        27608.168985110016        41208.526308316752     
   18570.203558546094        28896.298399749598        41566.417130702248        18448.976561742897        28775.071402946400        41445.190133899050        18014.333421384748        27697.083281505329        41304.153236712809     
   18832.113736824613        29158.208578028116        41828.327308980763        18448.976561742897        28775.071402946400        41445.190133899050        18259.883358719970        27938.402492472887        40546.487626798829     
   19384.370055594743        29710.464896798247        42380.583627750893        18448.976561742897        28775.071402946400        41445.190133899050        18776.900781295495        28441.491903243419        41062.794106946254     
   20388.608510594084        30714.703351797587        43384.822082750237        18448.976561742897        28775.071402946400        41445.190133899050        19714.757901072258        29357.113476762133        42001.125348880538     
   22042.384207724150        32368.479048927649        45038.597779880300        18448.976561742897        28775.071402946400        41445.190133899050        19453.438771379406        29741.371499530091        42340.318422810960     
   24579.171363050355        34905.266204253858        47575.384935206508        18448.976561742897        28775.071402946400        41445.190133899050        20070.834099821368        30274.355711376200        42853.229300612307     
   28268.363302802034        38594.458144005534        51264.576874958184        18448.976561742897        28775.071402946400        41445.190133899050        20844.754010319404        30974.961109694028        43473.683493992954     
   33415.272463372428        43741.367304575935        56411.486035528578        18448.976561742897        28775.071402946400        41445.190133899050        21760.143030658532        31857.560407211895        44241.162398239714     
   40361.130391318693        50687.225232522193        63357.343963474850        18448.976561742897        28775.071402946400        41445.190133899050        22854.698743548150        32904.210035551805        45097.069253211739     
   49483.087743361903        59809.182584565409        72479.301315518067        18448.976561742897        28775.071402946400        41445.190133899050        24094.463884090874        34115.411848265619        46030.128177731633     
   61194.214286387010        71520.309127590517        84190.427858543175        18448.976561742897        28775.071402946400        41445.190133899050        25487.421843683645        35437.603555649293        47029.919545151672     
   75943.498897442914        86269.593738646421        98939.712469599064        18448.976561742897        28775.071402946400        41445.190133899050        27030.699703999067        36825.868095880382        45817.806735739221     
   94215.849563742406        104541.94440494591        117212.06313589856        18448.976561742897        28775.071402946400        41445.190133899050        28462.064814639223        37720.788388887282        46181.072648912763     
   116532.09338266221        126858.18822386571        139528.30695481837        18448.976561742897        28775.071402946400        41445.190133899050        30140.921373805068        39083.852771773927        46863.433817470977     
   143448.97656174292        153775.07140294643        166445.19013389907        18448.976561742897        28775.071402946400        41445.190133899050        31950.047447678935        40506.259937883180        47822.656454526215     
   175559.16441868906        185885.25925989257        198555.37799084521        18448.976561742897        28775.071402946400        41445.190133899050        33935.004390402944        42010.686652091106        49078.768316011126     
   213491.24138136912        223817.33622257263        236487.45495352527        18448.976561742897        28775.071402946400        41445.190133899050        36072.381874790983        43793.919018955094        51216.987432776041     
   257909.71098781540        268235.80582901894        280905.92455997155        18448.976561742897        28775.071402946400        41445.190133899050        38158.171968262315        45708.079945169389        53214.953555686974     
   309514.99588622421        319841.09072742774        332511.20945838036        18448.976561742897        28775.071402946400        41445.190133899050        40799.035251232010        48214.311538182104        55841.912568000902     
   369043.43783495564        379369.53267615917        392039.65140711179        18448.976561742897        28775.071402946400        41445.190133899050        43717.871931052534        51349.518549712462        59053.818755359658     
   437267.29770253383        447593.39254373731        460263.51127468998        18448.976561742897        28775.071402946400        41445.190133899050        47329.467079759459        55114.938714336204        62151.683695201165     
   514994.75546764705        525320.85030885052        537990.96903980325        18448.976561742897        28775.071402946400        41445.190133899050        51088.071314359790        59397.556819155194        67581.111647038691     
   603069.91021914675        613396.00506035017        626066.12379130290        18448.976561742897        28775.071402946400        41445.190133899050        56361.809584329872        63906.809597353997        71856.884949262152     
   702372.78015604883        712698.87499725225        725368.99372820498        18448.976561742897        28775.071402946400        41445.190133899050        62037.755302307058        69664.848516979502        77193.881219912029     
   813819.30258753314        824145.39742873656        836815.51615968929        18448.976561742897        28775.071402946400        41445.190133899050        68157.523282327908        75543.795192333564        84292.586768326873     
   938361.33393294329        948687.42877414671        961357.54750509944        18448.976561742897        28775.071402946400        41445.190133899050        75592.401033477887        82789.360034561469        90789.945726166334     
   1076986.6497217864        1087312.7445629900        1099982.8632939425        18448.976561742897        28775.071402946400        41445.190133899050        84829.137246520142        90644.435783155888        98973.699214343680     
   1230718.9445937350        1241045.0394349387        1253715.1581658912        18448.976561742897        28775.071402946400        41445.190133899050        94446.099191541449        100331.85449000115        111446.34770043888     
   1400617.8322986232        1410943.9271398268        1423614.0458707793        18448.976561742897        28775.071402946400        41445.190133899050        106817.95588073727        113608.13483231589        122129.34807509440     
   1587778.8456964518        1598104.9405376555        1610775.0592686080        18448.976561742897        28775.071402946400        41445.190133899050        120504.01693207357        128902.34747797721        137134.19191991797     
   1793333.4367573834        1803659.5315985871        1816329.6503295396        18448.976561742897        28775.071402946400        41445.190133899050        137095.60627545483        147424.53879074228        156855.93452413520     
   2018448.9765617433        2028775.0714029470        2041445.1901338995        18448.976561742897        28775.071402946400        41445.190133899050        157036.81044091267        169348.95130816940        177390.62493297344     
