   18448.976561742897        28775.071402946400        41445.190133899050        18448.976561742897        28775.071402946400        41445.190133899050        16884.097427209043        27397.941529991473        38810.288129743480     
   18450.473191333058        28776.568032536561        41446.686763489211        18448.976561742897        28775.071402946400        41445.190133899050        16885.088142374720        27399.763728237354        38811.574926859699     
   18472.922635185503        28799.017476389006        41469.136207341660        18448.976561742897        28775.071402946400        41445.190133899050        16900.432799761737        27418.805502097952        38830.347245317622     
   18570.203558546094        28896.298399749598        41566.417130702248        18448.976561742897        28775.071402946400        41445.190133899050        16335.159211997128        27502.615965033361        38911.611128707635     
   18832.113736824613        29158.208578028116        41828.327308980763        18448.976561742897        28775.071402946400        41445.190133899050        16489.506270808837        27728.040241192561        39130.498610201023     
   19384.370055594743        29710.464896798247        42380.583627750893        18448.976561742897        28775.071402946400        41445.190133899050        16809.406113627410        27113.766348415404        39590.942299418573     
   20388.608510594084        30714.703351797587        43384.822082750237        18448.976561742897        28775.071402946400        41445.190133899050        17374.823210422659        27876.812727504221        38738.183992412858     
   22042.384207724150        32368.479048927649        45038.597779880300        18448.976561742897        28775.071402946400        41445.190133899050        17457.790123433952        27804.858566164388        39965.338121744062     
   24579.171363050355        34905.266204253858        47575.384935206508        18448.976561742897        28775.071402946400        41445.190133899050        17660.430666464708        27922.290417414901        39711.751265326493     
   28268.363302802034        38594.458144005534        51264.576874958184        18448.976561742897        28775.071402946400        41445.190133899050        18071.738354677880        29924.355623171628        39610.756021295048     
   33415.272463372428        43741.367304575935        56411.486035528578        18448.976561742897        28775.071402946400        41445.190133899050        19446.392450134997        30228.677052583640        39661.032004236171     
   40361.130391318693        50687.225232522193        63357.343963474850        18448.976561742897        28775.071402946400        41445.190133899050        19963.321750330189        30825.714861927037        39718.788999761018     
   49483.087743361903        59809.182584565409        72479.301315518067        18448.976561742897        28775.071402946400        41445.190133899050        20805.607496362631        31636.202754921131        39681.482982104739     
   61194.214286387010        71520.309127590517        84190.427858543175        18448.976561742897        28775.071402946400        41445.190133899050        21807.334664961836        32623.132507446855        40032.599373419434     
   75943.498897442914        86269.593738646421        98939.712469599064        18448.976561742897        28775.071402946400        41445.190133899050        23012.974631983845        32919.195440093048        41824.750670205212     
   94215.849563742406        104541.94440494591        117212.06313589856        18448.976561742897        28775.071402946400        41445.190133899050        24454.208825931390        33904.847876187720        42483.806701097310     
   116532.09338266221        126858.18822386571        139528.30695481837        18448.976561742897        28775.071402946400        41445.190133899050        25972.701816795328        35084.272104992240        43405.045511081196     
   143448.97656174292        153775.07140294643        166445.19013389907        18448.976561742897        28775.071402946400        41445.190133899050        27776.608328841026        36402.835625994790        44713.048190897018     
   175559.16441868906        185885.25925989257        198555.37799084521        18448.976561742897        28775.071402946400        41445.190133899050        29584.647917849758        38045.802338313530        46414.122309062004     
   213491.24138136912        223817.33622257263        236487.45495352527        18448.976561742897        28775.071402946400        41445.190133899050        31657.045412705516        39974.352776175401        48459.036598484417     
   257909.71098781540        268235.80582901894        280905.92455997155        18448.976561742897        28775.071402946400        41445.190133899050        34061.144103038721        42577.108829022167        50857.712151813190     
   309514.99588622421        319841.09072742774        332511.20945838036        18448.976561742897        28775.071402946400        41445.190133899050        36767.294925759074        45134.561524319543        54097.330009900092     
   369043.43783495564        379369.53267615917        392039.65140711179        18448.976561742897        28775.071402946400        41445.190133899050        40212.015083092170        49008.492711429171        58175.255458368927     
   437267.29770253383        447593.39254373731        460263.51127468998        18448.976561742897        28775.071402946400        41445.190133899050        43954.303965912717        52504.654901600334        62262.702916405011     
   514994.75546764705        525320.85030885052        537990.96903980325        18448.976561742897        28775.071402946400        41445.190133899050        48851.403264529501        57321.550219947247        65785.348934734415     
   603069.91021914675        613396.00506035017        626066.12379130290        18448.976561742897        28775.071402946400        41445.190133899050        53710.921276330751        62171.221115757107        70447.314930730223     
   702372.78015604883        712698.87499725225        725368.99372820498        18448.976561742897        28775.071402946400        41445.190133899050        59745.345750299413        68087.313513374407        75968.689754551873     
   813819.30258753314        824145.39742873656        836815.51615968929        18448.976561742897        28775.071402946400        41445.190133899050        66171.451724017461        74623.124686100360        83410.499811778587     
   938361.33393294329        948687.42877414671        961357.54750509944        18448.976561742897        28775.071402946400        41445.190133899050        74364.100851303068        82538.369100528376        89429.738673759784     
   1076986.6497217864        1087312.7445629900        1099982.8632939425        18448.976561742897        28775.071402946400        41445.190133899050        82646.683412473285        91533.927606255806        99348.952400128735     
   1230718.9445937350        1241045.0394349387        1253715.1581658912        18448.976561742897        28775.071402946400        41445.190133899050        90735.477039627571        99455.988577488286        108574.86852317966     
   1400617.8322986232        1410943.9271398268        1423614.0458707793        18448.976561742897        28775.071402946400        41445.190133899050        102155.36976178961        111125.44041895741        119591.97554040488     
   1587778.8456964518        1598104.9405376555        1610775.0592686080        18448.976561742897        28775.071402946400        41445.190133899050        115654.43927036546        124106.57730597367        133044.67813208967     
   1793333.4367573834        1803659.5315985871        1816329.6503295396        18448.976561742897        28775.071402946400        41445.190133899050        134804.17804208252        144953.25453965616        151157.24624956772     
   2018448.9765617433        2028775.0714029470        2041445.1901338995        18448.976561742897        28775.071402946400        41445.190133899050        153800.62787201218        163875.79819688489        172646.51681429765     
