   18448.976561742897        28775.071402946400        41445.190133899050        18448.976561742897        28775.071402946400        41445.190133899050        17895.547556656777        26749.710549432977        36104.555099811056     
   18450.473191333058        28776.568032536561        41446.686763489211        18448.976561742897        28775.071402946400        41445.190133899050        17896.940357569132        26752.538048035280        36102.759911877853     
   18472.922635185503        28799.017476389006        41469.136207341660        18448.976561742897        28775.071402946400        41445.190133899050        17918.144922078613        26772.611324097157        36123.807076441146     
   18570.203558546094        28896.298399749598        41566.417130702248        18448.976561742897        28775.071402946400        41445.190133899050        18008.870591933355        26840.832147094548        36194.179052434141     
   18832.113736824613        29158.208578028116        41828.327308980763        18448.976561742897        28775.071402946400        41445.190133899050        18254.717244030751        27042.914534957785        36401.160948069075     
   19384.370055594743        29710.464896798247        42380.583627750893        18448.976561742897        28775.071402946400        41445.190133899050        18771.618594699015        26466.391080363101        36833.564689952094     
   20388.608510594084        30714.703351797587        43384.822082750237        18448.976561742897        28775.071402946400        41445.190133899050        19017.972443311115        27289.483677884480        36088.393693269383     
   22042.384207724150        32368.479048927649        45038.597779880300        18448.976561742897        28775.071402946400        41445.190133899050        19407.414198413986        27099.274850495392        36045.658108957621     
   24579.171363050355        34905.266204253858        47575.384935206508        18448.976561742897        28775.071402946400        41445.190133899050        19965.561707846922        27428.877449187854        36366.364461498946     
   28268.363302802034        38594.458144005534        51264.576874958184        18448.976561742897        28775.071402946400        41445.190133899050        20673.464715696493        27544.094423452319        37251.381942799082     
   33415.272463372428        43741.367304575935        56411.486035528578        18448.976561742897        28775.071402946400        41445.190133899050        21513.970532579508        29103.065809784679        37029.521996956493     
   40361.130391318693        50687.225232522193        63357.343963474850        18448.976561742897        28775.071402946400        41445.190133899050        22498.179148361691        29574.923358252319        38530.884750448728     
   49483.087743361903        59809.182584565409        72479.301315518067        18448.976561742897        28775.071402946400        41445.190133899050        22009.707984700337        30078.748030493371        38755.508972306343     
   61194.214286387010        71520.309127590517        84190.427858543175        18448.976561742897        28775.071402946400        41445.190133899050        22900.164664807638        30891.058531280036        39457.818786322576     
   75943.498897442914        86269.593738646421        98939.712469599064        18448.976561742897        28775.071402946400        41445.190133899050        23916.153040140005        31954.597301682192        40373.558745425558     
   94215.849563742406        104541.94440494591        117212.06313589856        18448.976561742897        28775.071402946400        41445.190133899050        25216.087685607788        33235.798742277388        41565.804961019719     
   116532.09338266221        126858.18822386571        139528.30695481837        18448.976561742897        28775.071402946400        41445.190133899050        26785.765652245253        34811.179555978480        44304.336160437422     
   143448.97656174292        153775.07140294643        166445.19013389907        18448.976561742897        28775.071402946400        41445.190133899050        28938.672597826309        36664.421877382978        46059.260644285838     
   175559.16441868906        185885.25925989257        198555.37799084521        18448.976561742897        28775.071402946400        41445.190133899050        31073.549484787010        39237.071901617273        47950.773569991419     
   213491.24138136912        223817.33622257263        236487.45495352527        18448.976561742897        28775.071402946400        41445.190133899050        33531.918918509698        41672.853112125274        50279.489834180669     
   257909.71098781540        268235.80582901894        280905.92455997155        18448.976561742897        28775.071402946400        41445.190133899050        36454.281429962939        44514.171387712187        53469.872816326824     
   309514.99588622421        319841.09072742774        332511.20945838036        18448.976561742897        28775.071402946400        41445.190133899050        39664.649608727566        47706.738584521896        56574.138727169222     
   369043.43783495564        379369.53267615917        392039.65140711179        18448.976561742897        28775.071402946400        41445.190133899050        43395.800910497826        51401.719961402712        60065.402578328183     
   437267.29770253383        447593.39254373731        460263.51127468998        18448.976561742897        28775.071402946400        41445.190133899050        47541.103938207838        55521.258243603130        64108.146904706962     
   514994.75546764705        525320.85030885052        537990.96903980325        18448.976561742897        28775.071402946400        41445.190133899050        52322.043392812520        60195.853770291986        68618.038782155098     
   603069.91021914675        613396.00506035017        626066.12379130290        18448.976561742897        28775.071402946400        41445.190133899050        57625.305550876757        65447.570263585469        73858.910331811174     
   702372.78015604883        712698.87499725225        725368.99372820498        18448.976561742897        28775.071402946400        41445.190133899050        63660.468566825097        71374.590116220570        79657.809539338690     
   813819.30258753314        824145.39742873656        836815.51615968929        18448.976561742897        28775.071402946400        41445.190133899050        70422.069554893169        77927.429669083518        86219.511352208254     
   938361.33393294329        948687.42877414671        961357.54750509944        18448.976561742897        28775.071402946400        41445.190133899050        77833.596273911797        85332.206808258561        93642.097331663521     
   1076986.6497217864        1087312.7445629900        1099982.8632939425        18448.976561742897        28775.071402946400        41445.190133899050        86415.652775123308        93796.634800387037        101899.24953651491     
   1230718.9445937350        1241045.0394349387        1253715.1581658912        18448.976561742897        28775.071402946400        41445.190133899050        95882.350144383847        103395.74849352814        111570.71890646456     
   1400617.8322986232        1410943.9271398268        1423614.0458707793        18448.976561742897        28775.071402946400        41445.190133899050        106899.00241324776        114476.85566259707        122907.21849952164     
   1587778.8456964518        1598104.9405376555        1610775.0592686080        18448.976561742897        28775.071402946400        41445.190133899050        120874.63269407298        128303.80638438249        136905.78407367010     
   1793333.4367573834        1803659.5315985871        1816329.6503295396        18448.976561742897        28775.071402946400        41445.190133899050        140889.04858684252        150714.95433087964        160088.13758070205     
   2018448.9765617433        2028775.0714029470        2041445.1901338995        18448.976561742897        28775.071402946400        41445.190133899050        188770.93947557991        209146.56804534164        221973.63419012455     
