   18448.976561742897        28775.071402946400        41445.190133899050        18448.976561742897        28775.071402946400        41445.190133899050        17896.046141346043        26766.632705715030        37972.695643005034     
   18450.473191333058        28776.568032536561        41446.686763489211        18448.976561742897        28775.071402946400        41445.190133899050        17897.439035797750        26767.836689632994        37978.358310940799     
   18472.922635185503        28799.017476389006        41469.136207341660        18448.976561742897        28775.071402946400        41445.190133899050        17918.832533892040        26787.782317151974        37988.449592310506     
   18570.203558546094        28896.298399749598        41566.417130702248        18448.976561742897        28775.071402946400        41445.190133899050        18010.389076063053        26876.277486176303        36494.587083899052     
   18832.113736824613        29158.208578028116        41828.327308980763        18448.976561742897        28775.071402946400        41445.190133899050        18255.762305556163        27062.194738674818        36704.953781072589     
   19384.370055594743        29710.464896798247        42380.583627750893        18448.976561742897        28775.071402946400        41445.190133899050        18772.732688264281        27559.302538725045        37146.760895088504     
   20388.608510594084        30714.703351797587        43384.822082750237        18448.976561742897        28775.071402946400        41445.190133899050        19025.022801240164        27392.312420841536        37943.993929686643     
   22042.384207724150        32368.479048927649        45038.597779880300        18448.976561742897        28775.071402946400        41445.190133899050        19422.329634673712        27274.052210483049        37034.556507860041     
   24579.171363050355        34905.266204253858        47575.384935206508        18448.976561742897        28775.071402946400        41445.190133899050        19990.525458131298        28611.308210559702        38149.164907458231     
   28268.363302802034        38594.458144005534        51264.576874958184        18448.976561742897        28775.071402946400        41445.190133899050        20715.036792173243        28985.868861504412        38603.327943121913     
   33415.272463372428        43741.367304575935        56411.486035528578        18448.976561742897        28775.071402946400        41445.190133899050        21580.292023548747        29535.573527227916        39088.431230170507     
   40361.130391318693        50687.225232522193        63357.343963474850        18448.976561742897        28775.071402946400        41445.190133899050        22606.878885653306        30151.842401067886        39232.195172208776     
   49483.087743361903        59809.182584565409        72479.301315518067        18448.976561742897        28775.071402946400        41445.190133899050        22587.942894251952        30855.454908056705        39641.848400502829     
   61194.214286387010        71520.309127590517        84190.427858543175        18448.976561742897        28775.071402946400        41445.190133899050        23424.809291277525        31640.093462455930        40385.069246295687     
   75943.498897442914        86269.593738646421        98939.712469599064        18448.976561742897        28775.071402946400        41445.190133899050        24466.382840227219        32754.788388811383        42870.525889777549     
   94215.849563742406        104541.94440494591        117212.06313589856        18448.976561742897        28775.071402946400        41445.190133899050        26207.825958769408        34127.203697351724        44043.595039045438     
   116532.09338266221        126858.18822386571        139528.30695481837        18448.976561742897        28775.071402946400        41445.190133899050        27804.089655271193        35767.970198820993        45480.334175085285     
   143448.97656174292        153775.07140294643        166445.19013389907        18448.976561742897        28775.071402946400        41445.190133899050        29625.561499326526        37686.842954219552        47213.835144815712     
   175559.16441868906        185885.25925989257        198555.37799084521        18448.976561742897        28775.071402946400        41445.190133899050        31890.722754107086        40338.042582928349        49263.637886662436     
   213491.24138136912        223817.33622257263        236487.45495352527        18448.976561742897        28775.071402946400        41445.190133899050        34463.964979720971        42848.929092819111        52214.071900396550     
   257909.71098781540        268235.80582901894        280905.92455997155        18448.976561742897        28775.071402946400        41445.190133899050        37418.650537776841        45761.543984052041        54928.067061806585     
   309514.99588622421        319841.09072742774        332511.20945838036        18448.976561742897        28775.071402946400        41445.190133899050        40763.720607346651        49050.261468093784        58129.308262295686     
   369043.43783495564        379369.53267615917        392039.65140711179        18448.976561742897        28775.071402946400        41445.190133899050        44534.985676516982        52764.074140957528        61677.148331959703     
   437267.29770253383        447593.39254373731        460263.51127468998        18448.976561742897        28775.071402946400        41445.190133899050        48786.803361294893        56966.803707939551        65731.803014813195     
   514994.75546764705        525320.85030885052        537990.96903980325        18448.976561742897        28775.071402946400        41445.190133899050        53593.939065142651        61700.999927686193        70379.612266857031     
   603069.91021914675        613396.00506035017        626066.12379130290        18448.976561742897        28775.071402946400        41445.190133899050        58898.425479363570        67011.996166292258        75633.436140203092     
   702372.78015604883        712698.87499725225        725368.99372820498        18448.976561742897        28775.071402946400        41445.190133899050        65061.753704299066        72973.697972143505        81500.717998216089     
   813819.30258753314        824145.39742873656        836815.51615968929        18448.976561742897        28775.071402946400        41445.190133899050        71735.280564159184        79610.655259914798        88112.051758834030     
   938361.33393294329        948687.42877414671        961357.54750509944        18448.976561742897        28775.071402946400        41445.190133899050        79421.477378462747        87039.425539344942        95564.499869660707     
   1076986.6497217864        1087312.7445629900        1099982.8632939425        18448.976561742897        28775.071402946400        41445.190133899050        87609.468284689312        95268.975417382506        103872.49224534607     
   1230718.9445937350        1241045.0394349387        1253715.1581658912        18448.976561742897        28775.071402946400        41445.190133899050        97249.717626615515        105229.08272147480        113537.34188838395     
   1400617.8322986232        1410943.9271398268        1423614.0458707793        18448.976561742897        28775.071402946400        41445.190133899050        108632.20344242999        116429.83094439596        124967.08513032095     
   1587778.8456964518        1598104.9405376555        1610775.0592686080        18448.976561742897        28775.071402946400        41445.190133899050        123300.69978769163        129841.20250428592        139070.71889660077     
   1793333.4367573834        1803659.5315985871        1816329.6503295396        18448.976561742897        28775.071402946400        41445.190133899050        145609.60050951104        152458.24161826758        162492.46777791961     
   2018448.9765617433        2028775.0714029470        2041445.1901338995        18448.976561742897        28775.071402946400        41445.190133899050        178080.12489397064        209015.78057724101        228466.86210640354     
