   18448.976561742897        28775.071402946400        41445.190133899050        18448.976561742897        28775.071402946400        41445.190133899050        18227.768557809613        27582.007225523514        40033.879932178694     
   18450.473191333058        28776.568032536561        41446.686763489211        18448.976561742897        28775.071402946400        41445.190133899050        18229.223686621248        27583.407927587734        40035.677563385871     
   18472.922635185503        28799.017476389006        41469.136207341660        18448.976561742897        28775.071402946400        41445.190133899050        18251.090908550519        27603.927033780041        40056.068899363294     
   18570.203558546094        28896.298399749598        41566.417130702248        18448.976561742897        28775.071402946400        41445.190133899050        18013.746349568399        27693.085623339321        40145.609667276702     
   18832.113736824613        29158.208578028116        41828.327308980763        18448.976561742897        28775.071402946400        41445.190133899050        18259.232236402335        27932.798432730840        40387.725734422536     
   19384.370055594743        29710.464896798247        42380.583627750893        18448.976561742897        28775.071402946400        41445.190133899050        18777.073736433631        28437.403445664007        40899.930782647221     
   20388.608510594084        30714.703351797587        43384.822082750237        18448.976561742897        28775.071402946400        41445.190133899050        19041.041513466938        29352.182109870650        40708.436207844483     
   22042.384207724150        32368.479048927649        45038.597779880300        18448.976561742897        28775.071402946400        41445.190133899050        19458.269868472591        29712.376355162301        40569.704010573565     
   24579.171363050355        34905.266204253858        47575.384935206508        18448.976561742897        28775.071402946400        41445.190133899050        20061.674557399856        30242.009108602295        42602.710216027182     
   28268.363302802034        38594.458144005534        51264.576874958184        18448.976561742897        28775.071402946400        41445.190133899050        20833.331248084145        30892.231731538734        43120.103928154917     
   33415.272463372428        43741.367304575935        56411.486035528578        18448.976561742897        28775.071402946400        41445.190133899050        21754.423747314162        31716.665042179786        43660.009207537936     
   40361.130391318693        50687.225232522193        63357.343963474850        18448.976561742897        28775.071402946400        41445.190133899050        22833.589642780797        32690.360469153886        44259.632402543342     
   49483.087743361903        59809.182584565409        72479.301315518067        18448.976561742897        28775.071402946400        41445.190133899050        24061.431510225484        33788.947292486395        44686.932322614150     
   61194.214286387010        71520.309127590517        84190.427858543175        18448.976561742897        28775.071402946400        41445.190133899050        25439.826457900614        34965.292750427536        40673.688652335419     
   75943.498897442914        86269.593738646421        98939.712469599064        18448.976561742897        28775.071402946400        41445.190133899050        26930.413923094467        34989.571255776944        42733.771583339963     
   94215.849563742406        104541.94440494591        117212.06313589856        18448.976561742897        28775.071402946400        41445.190133899050        27675.710951043526        35749.825332867862        43196.735729774533     
   116532.09338266221        126858.18822386571        139528.30695481837        18448.976561742897        28775.071402946400        41445.190133899050        28946.295927697513        36566.740431957529        43830.234311591797     
   143448.97656174292        153775.07140294643        166445.19013389907        18448.976561742897        28775.071402946400        41445.190133899050        30252.803036771817        37509.172646308129        44846.923624452334     
   175559.16441868906        185885.25925989257        198555.37799084521        18448.976561742897        28775.071402946400        41445.190133899050        31523.057891214503        38567.679038829636        45991.744668014653     
   213491.24138136912        223817.33622257263        236487.45495352527        18448.976561742897        28775.071402946400        41445.190133899050        33114.243598821449        40234.915822141505        48196.562636604613     
   257909.71098781540        268235.80582901894        280905.92455997155        18448.976561742897        28775.071402946400        41445.190133899050        35268.560191736637        43084.786472624299        50425.520718863227     
   309514.99588622421        319841.09072742774        332511.20945838036        18448.976561742897        28775.071402946400        41445.190133899050        37955.935288348832        45757.962802981310        53636.896757784714     
   369043.43783495564        379369.53267615917        392039.65140711179        18448.976561742897        28775.071402946400        41445.190133899050        41470.527742370818        49229.209349303201        57283.350869690919     
   437267.29770253383        447593.39254373731        460263.51127468998        18448.976561742897        28775.071402946400        41445.190133899050        45165.415113861360        52543.578413124196        61135.280666861428     
   514994.75546764705        525320.85030885052        537990.96903980325        18448.976561742897        28775.071402946400        41445.190133899050        49361.685184131849        57498.306074415239        64492.133338506654     
   603069.91021914675        613396.00506035017        626066.12379130290        18448.976561742897        28775.071402946400        41445.190133899050        57233.141787115957        62324.651603084872        70176.426036584642     
   702372.78015604883        712698.87499725225        725368.99372820498        18448.976561742897        28775.071402946400        41445.190133899050        61688.193311382907        66493.722845702432        71564.136292889278     
   813819.30258753314        824145.39742873656        836815.51615968929        18448.976561742897        28775.071402946400        41445.190133899050        66113.205904262431        75422.830678752420        85002.985813426450     
   938361.33393294329        948687.42877414671        961357.54750509944        18448.976561742897        28775.071402946400        41445.190133899050        74092.212027812027        80572.677499478174        86879.624936628708     
   1076986.6497217864        1087312.7445629900        1099982.8632939425        18448.976561742897        28775.071402946400        41445.190133899050        83418.853555963404        90023.655133732726        100024.27506609082     
   1230718.9445937350        1241045.0394349387        1253715.1581658912        18448.976561742897        28775.071402946400        41445.190133899050        93253.923714982375        100037.35406539682        105819.48772397362     
   1400617.8322986232        1410943.9271398268        1423614.0458707793        18448.976561742897        28775.071402946400        41445.190133899050        100711.99893432096        108330.28226498868        112941.92589753376     
   1587778.8456964518        1598104.9405376555        1610775.0592686080        18448.976561742897        28775.071402946400        41445.190133899050        119518.02577761275        123814.51769340638        135645.31016378026     
   1793333.4367573834        1803659.5315985871        1816329.6503295396        18448.976561742897        28775.071402946400        41445.190133899050        136462.52659372825        145744.95595804564        153165.25385099580     
   2018448.9765617433        2028775.0714029470        2041445.1901338995        18448.976561742897        28775.071402946400        41445.190133899050        163185.75086184236        186547.51469077752        168886.94132666034     
