   18448.976561742897        28775.071402946400        41445.190133899050        18448.976561742897        28775.071402946400        41445.190133899050        17899.286941826278        28555.486808631460        38973.808132455320     
   18450.473191333058        28776.568032536561        41446.686763489211        18448.976561742897        28775.071402946400        41445.190133899050        17900.929783398060        28556.965782669424        38974.817707367707     
   18472.922635185503        28799.017476389006        41469.136207341660        18448.976561742897        28775.071402946400        41445.190133899050        17921.833021805181        28579.150393238924        38994.521920299449     
   18570.203558546094        28896.298399749598        41566.417130702248        18448.976561742897        28775.071402946400        41445.190133899050        18012.919882945887        28674.698236318523        39080.220637346793     
   18832.113736824613        29158.208578028116        41828.327308980763        18448.976561742897        28775.071402946400        41445.190133899050        18258.636224751070        27924.298570120587        39307.851642610622     
   19384.370055594743        29710.464896798247        42380.583627750893        18448.976561742897        28775.071402946400        41445.190133899050        18776.074968960071        28427.549505224044        39795.206696139823     
   20388.608510594084        30714.703351797587        43384.822082750237        18448.976561742897        28775.071402946400        41445.190133899050        19037.264082040019        29343.163642157597        38931.527941043954     
   22042.384207724150        32368.479048927649        45038.597779880300        18448.976561742897        28775.071402946400        41445.190133899050        19445.742349772430        29696.675170030299        40253.404859471280     
   24579.171363050355        34905.266204253858        47575.384935206508        18448.976561742897        28775.071402946400        41445.190133899050        20029.927403944363        30158.335040993556        39987.237143648039     
   28268.363302802034        38594.458144005534        51264.576874958184        18448.976561742897        28775.071402946400        41445.190133899050        20777.082073537043        30768.225303194937        39713.395118121254     
   33415.272463372428        43741.367304575935        56411.486035528578        18448.976561742897        28775.071402946400        41445.190133899050        21671.349638176784        31492.539876277879        39400.482865132130     
   40361.130391318693        50687.225232522193        63357.343963474850        18448.976561742897        28775.071402946400        41445.190133899050        22696.547412226828        32274.672688887847        38826.375926836568     
   49483.087743361903        59809.182584565409        72479.301315518067        18448.976561742897        28775.071402946400        41445.190133899050        23775.750619365244        31274.351795344017        39007.212706986007     
   61194.214286387010        71520.309127590517        84190.427858543175        18448.976561742897        28775.071402946400        41445.190133899050        23398.012156238507        31412.267701702993        39436.711376018633     
   75943.498897442914        86269.593738646421        98939.712469599064        18448.976561742897        28775.071402946400        41445.190133899050        24195.961878843988        32227.604032094543        40337.712658264929     
   94215.849563742406        104541.94440494591        117212.06313589856        18448.976561742897        28775.071402946400        41445.190133899050        25422.980002534227        33434.929996966224        41522.322054941957     
   116532.09338266221        126858.18822386571        139528.30695481837        18448.976561742897        28775.071402946400        41445.190133899050        26979.175364237315        34981.967546365056        42986.406252695757     
   143448.97656174292        153775.07140294643        166445.19013389907        18448.976561742897        28775.071402946400        41445.190133899050        28877.981847245894        36876.567461012455        44803.697410572728     
   175559.16441868906        185885.25925989257        198555.37799084521        18448.976561742897        28775.071402946400        41445.190133899050        31374.129266268723        39067.176630964728        46960.015023890999     
   213491.24138136912        223817.33622257263        236487.45495352527        18448.976561742897        28775.071402946400        41445.190133899050        33935.713688880249        41621.794635539336        50364.852543482652     
   257909.71098781540        268235.80582901894        280905.92455997155        18448.976561742897        28775.071402946400        41445.190133899050        37035.213620207054        44837.081141179027        53084.029955257676     
   309514.99588622421        319841.09072742774        332511.20945838036        18448.976561742897        28775.071402946400        41445.190133899050        40278.020196935140        48160.985137525015        56271.445296878330     
   369043.43783495564        379369.53267615917        392039.65140711179        18448.976561742897        28775.071402946400        41445.190133899050        44208.929104721858        51323.040116831588        60293.819232063688     
   437267.29770253383        447593.39254373731        460263.51127468998        18448.976561742897        28775.071402946400        41445.190133899050        48342.679779241924        55316.885359318920        64326.606795391584     
   514994.75546764705        525320.85030885052        537990.96903980325        18448.976561742897        28775.071402946400        41445.190133899050        53175.085243157555        60844.992751637583        69173.940316126289     
   603069.91021914675        613396.00506035017        626066.12379130290        18448.976561742897        28775.071402946400        41445.190133899050        59042.945040290950        66601.662620163901        74588.050688762072     
   702372.78015604883        712698.87499725225        725368.99372820498        18448.976561742897        28775.071402946400        41445.190133899050        65330.419017486129        72428.940672917714        80641.566857759128     
   813819.30258753314        824145.39742873656        836815.51615968929        18448.976561742897        28775.071402946400        41445.190133899050        72299.186828422215        79675.834542012468        87428.830817494076     
   938361.33393294329        948687.42877414671        961357.54750509944        18448.976561742897        28775.071402946400        41445.190133899050        80319.762304447766        87689.301319881095        95100.050969017801     
   1076986.6497217864        1087312.7445629900        1099982.8632939425        18448.976561742897        28775.071402946400        41445.190133899050        89477.640985591788        96908.413937552657        104854.98922064534     
   1230718.9445937350        1241045.0394349387        1253715.1581658912        18448.976561742897        28775.071402946400        41445.190133899050        100204.89868889896        107768.11779310628        115852.21031987517     
   1400617.8322986232        1410943.9271398268        1423614.0458707793        18448.976561742897        28775.071402946400        41445.190133899050        113158.62386599372        121123.21506220481        129542.48828200318     
   1587778.8456964518        1598104.9405376555        1610775.0592686080        18448.976561742897        28775.071402946400        41445.190133899050        127820.15023342476        136603.98028758180        147405.16361554034     
   1793333.4367573834        1803659.5315985871        1816329.6503295396        18448.976561742897        28775.071402946400        41445.190133899050        159792.38977794751        156503.62384066798        173414.18838424899     
   2018448.9765617433        2028775.0714029470        2041445.1901338995        18448.976561742897        28775.071402946400        41445.190133899050        172207.92255176749        182626.59395335382        193805.28862224432     
