   18448.976561742897        28775.071402946400        41445.190133899050        18448.976561742897        28775.071402946400        41445.190133899050        17899.286941826278        28542.398985129243        38910.565803591053     
   18450.473191333058        28776.568032536561        41446.686763489211        18448.976561742897        28775.071402946400        41445.190133899050        17900.680444283753        28543.876906849517        38911.942235117225     
   18472.922635185503        28799.017476389006        41469.136207341660        18448.976561742897        28775.071402946400        41445.190133899050        17921.833021805181        28566.045732653816        38934.562674935776     
   18570.203558546094        28896.298399749598        41566.417130702248        18448.976561742897        28775.071402946400        41445.190133899050        18012.919882945887        28662.110644472370        39018.096663246986     
   18832.113736824613        29158.208578028116        41828.327308980763        18448.976561742897        28775.071402946400        41445.190133899050        18258.636224751070        27921.033472673633        39248.957359713262     
   19384.370055594743        29710.464896798247        42380.583627750893        18448.976561742897        28775.071402946400        41445.190133899050        18775.796445568754        28425.716768950366        39734.278724460091     
   20388.608510594084        30714.703351797587        43384.822082750237        18448.976561742897        28775.071402946400        41445.190133899050        19032.615494394500        29340.182994044240        38870.810719553861     
   22042.384207724150        32368.479048927649        45038.597779880300        18448.976561742897        28775.071402946400        41445.190133899050        19441.493710352966        29671.518575066642        40188.866272677420     
   24579.171363050355        34905.266204253858        47575.384935206508        18448.976561742897        28775.071402946400        41445.190133899050        20014.497271318265        30118.464356839220        39702.944766986744     
   28268.363302802034        38594.458144005534        51264.576874958184        18448.976561742897        28775.071402946400        41445.190133899050        20746.459164359749        30699.252627869384        39301.626458019040     
   33415.272463372428        43741.367304575935        56411.486035528578        18448.976561742897        28775.071402946400        41445.190133899050        21611.839543577356        31375.499409907010        38836.357289908738     
   40361.130391318693        50687.225232522193        63357.343963474850        18448.976561742897        28775.071402946400        41445.190133899050        22590.883328178599        30447.440756040323        37186.776879272576     
   49483.087743361903        59809.182584565409        72479.301315518067        18448.976561742897        28775.071402946400        41445.190133899050        22303.191865839050        30508.558002338752        38963.794262527190     
   61194.214286387010        71520.309127590517        84190.427858543175        18448.976561742897        28775.071402946400        41445.190133899050        23031.605493903284        31156.176998034975        39523.951402674575     
   75943.498897442914        86269.593738646421        98939.712469599064        18448.976561742897        28775.071402946400        41445.190133899050        24002.803053029991        32153.243895932777        40492.226219960241     
   94215.849563742406        104541.94440494591        117212.06313589856        18448.976561742897        28775.071402946400        41445.190133899050        25338.237363565713        33476.072499777132        41690.901099904309     
   116532.09338266221        126858.18822386571        139528.30695481837        18448.976561742897        28775.071402946400        41445.190133899050        26978.324730465421        35100.912633773543        43207.148615004786     
   143448.97656174292        153775.07140294643        166445.19013389907        18448.976561742897        28775.071402946400        41445.190133899050        28949.708548622606        37003.092218228587        45040.780515337785     
   175559.16441868906        185885.25925989257        198555.37799084521        18448.976561742897        28775.071402946400        41445.190133899050        31251.296514678776        39262.043271954382        47159.405058101045     
   213491.24138136912        223817.33622257263        236487.45495352527        18448.976561742897        28775.071402946400        41445.190133899050        34052.255087777936        41819.410841454461        50583.861620147407     
   257909.71098781540        268235.80582901894        280905.92455997155        18448.976561742897        28775.071402946400        41445.190133899050        37069.267392330250        45036.958353673166        53335.502340252475     
   309514.99588622421        319841.09072742774        332511.20945838036        18448.976561742897        28775.071402946400        41445.190133899050        40267.116241944132        48372.622396486615        56515.549734159940     
   369043.43783495564        379369.53267615917        392039.65140711179        18448.976561742897        28775.071402946400        41445.190133899050        44177.911022036023        52073.944101048168        60510.613008560213     
   437267.29770253383        447593.39254373731        460263.51127468998        18448.976561742897        28775.071402946400        41445.190133899050        48512.614786416001        56412.443176311637        64555.609618777060     
   514994.75546764705        525320.85030885052        537990.96903980325        18448.976561742897        28775.071402946400        41445.190133899050        53393.581445637654        61240.066880108716        69272.771972924020     
   603069.91021914675        613396.00506035017        626066.12379130290        18448.976561742897        28775.071402946400        41445.190133899050        59269.878274055896        66694.795630056178        74759.760251817512     
   702372.78015604883        712698.87499725225        725368.99372820498        18448.976561742897        28775.071402946400        41445.190133899050        65557.771712088230        72720.036649860122        80737.405734723012     
   813819.30258753314        824145.39742873656        836815.51615968929        18448.976561742897        28775.071402946400        41445.190133899050        72613.751154007361        80006.868289938342        87841.167808079423     
   938361.33393294329        948687.42877414671        961357.54750509944        18448.976561742897        28775.071402946400        41445.190133899050        80604.725128690334        88017.562083462704        95859.469754447811     
   1076986.6497217864        1087312.7445629900        1099982.8632939425        18448.976561742897        28775.071402946400        41445.190133899050        89790.693392389585        97152.124279440381        105184.92354903536     
   1230718.9445937350        1241045.0394349387        1253715.1581658912        18448.976561742897        28775.071402946400        41445.190133899050        100521.11506154449        108200.82420965773        116198.36354894604     
   1400617.8322986232        1410943.9271398268        1423614.0458707793        18448.976561742897        28775.071402946400        41445.190133899050        113439.40266702611        121267.26406271101        129562.14207415142     
   1587778.8456964518        1598104.9405376555        1610775.0592686080        18448.976561742897        28775.071402946400        41445.190133899050        128205.54211242308        136959.48848138071        146617.67527774457     
   1793333.4367573834        1803659.5315985871        1816329.6503295396        18448.976561742897        28775.071402946400        41445.190133899050        158998.88561794269        161395.14707693993        166795.37413057187     
   2018448.9765617433        2028775.0714029470        2041445.1901338995        18448.976561742897        28775.071402946400        41445.190133899050        172804.04082904151        183383.57412588829        194376.66473857616     
