   18448.976561742897        28775.071402946400        41445.190133899050        18448.976561742897        28775.071402946400        41445.190133899050       7.81249999999979010E-005  6.01562500000000534E-003  0.40404296875000129     
   18450.473191333058        28776.568032536561        41446.686763489211        18448.976561742897        28775.071402946400        41445.190133899050       7.81249999999979010E-005  6.01562500000000534E-003  0.40428710937500129     
   18472.922635185503        28799.017476389006        41469.136207341660        18448.976561742897        28775.071402946400        41445.190133899050       2.34374999999998473E-004  4.96093750000000354E-003  0.40621215820312606     
   18570.203558546094        28896.298399749598        41566.417130702248        18448.976561742897        28775.071402946400        41445.190133899050       1.17187500000004875E-004  5.23437500000000638E-003  0.41007324218750990     
   18832.113736824613        29158.208578028116        41828.327308980763        18448.976561742897        28775.071402946400        41445.190133899050       1.95312499999991500E-005  5.41931152343750125E-003  0.42824775695801043     
   19384.370055594743        29710.464896798247        42380.583627750893        18448.976561742897        28775.071402946400        41445.190133899050       1.95312500000004510E-004  5.68847656250001318E-003  0.40408020019531443     
   20388.608510594084        30714.703351797587        43384.822082750237        18448.976561742897        28775.071402946400        41445.190133899050       1.95312500102982033E-005  7.62290954589338494E-003  0.46732910156250185     
   22042.384207724150        32368.479048927649        45038.597779880300        18448.976561742897        28775.071402946400        41445.190133899050       2.92968749991094624E-005  8.08837890624960337E-003  0.51175292968751451     
   24579.171363050355        34905.266204253858        47575.384935206508        18448.976561742897        28775.071402946400        41445.190133899050       7.81250000000013704E-005  1.07373046875018537E-002  0.58532958984374395     
   28268.363302802034        38594.458144005534        51264.576874958184        18448.976561742897        28775.071402946400        41445.190133899050       1.20849609359819244E-004  1.23723888397339506E-002  0.91764236450195380     
   33415.272463372428        43741.367304575935        56411.486035528578        18448.976561742897        28775.071402946400        41445.190133899050       9.76562500000976649E-005  1.63854980468833150E-002   1.1021771240234348     
   40361.130391318693        50687.225232522193        63357.343963474850        18448.976561742897        28775.071402946400        41445.190133899050       7.81250000075413460E-005  2.80456542968750069E-002   2.2399050903320115     
   49483.087743361903        59809.182584565409        72479.301315518067        18448.976561742897        28775.071402946400        41445.190133899050       4.19921875007683680E-004  5.89425659179738659E-002   8.3557191085816935     
   61194.214286387010        71520.309127590517        84190.427858543175        18448.976561742897        28775.071402946400        41445.190133899050       1.16638183593716863E-003  0.14512142181396434        7.7109339634754290     
   75943.498897442914        86269.593738646421        98939.712469599064        18448.976561742897        28775.071402946400        41445.190133899050       9.88769531249726087E-003   7.3668499645155681        14.585013717420752     
   94215.849563742406        104541.94440494591        117212.06313589856        18448.976561742897        28775.071402946400        41445.190133899050        2.8150359546468042        12.197290809327587        20.011162551435614     
   116532.09338266221        126858.18822386571        139528.30695481837        18448.976561742897        28775.071402946400        41445.190133899050        6.7182155921340616        10.713024691356555        14.590509830816195     
   143448.97656174292        153775.07140294643        166445.19013389907        18448.976561742897        28775.071402946400        41445.190133899050        26.021461791990671        16.001543209873883        35.749818115233552     
   175559.16441868906        185885.25925989257        198555.37799084521        18448.976561742897        28775.071402946400        41445.190133899050        11.944469989963860        47.093090820301242        11.380208333332337     
   213491.24138136912        223817.33622257263        236487.45495352527        18448.976561742897        28775.071402946400        41445.190133899050        52.668747558594276        38.368190307618619        52.668924560544731     
   257909.71098781540        268235.80582901894        280905.92455997155        18448.976561742897        28775.071402946400        41445.190133899050        7.3441965306341102        52.669271850583002        16.521851851850833     
   309514.99588622421        319841.09072742774        332511.20945838036        18448.976561742897        28775.071402946400        41445.190133899050        9.0112650510589649        52.669000244139497        13.450846193414247     
   369043.43783495564        379369.53267615917        392039.65140711179        18448.976561742897        28775.071402946400        41445.190133899050        12.844905222603876        19.012393798822359        24.833835449217013     
   437267.29770253383        447593.39254373731        460263.51127468998        18448.976561742897        28775.071402946400        41445.190133899050        23.649360961910151        21.924641113273374        52.669244384765328     
   514994.75546764705        525320.85030885052        537990.96903980325        18448.976561742897        28775.071402946400        41445.190133899050        21.818255615230928        11.002483139038121        6.8359508998881564     
   603069.91021914675        613396.00506035017        626066.12379130290        18448.976561742897        28775.071402946400        41445.190133899050        6.8352465820316723        21.082244262691447        9.4875868770006200     
   702372.78015604883        712698.87499725225        725368.99372820498        18448.976561742897        28775.071402946400        41445.190133899050        6.8359219708772176        56.025595703114853        21.687210693358580     
   813819.30258753314        824145.39742873656        836815.51615968929        18448.976561742897        28775.071402946400        41445.190133899050        9.5838607395972826        2.6690280079892599        19.407202148431793     
   938361.33393294329        948687.42877414671        961357.54750509944        18448.976561742897        28775.071402946400        41445.190133899050        9.8590099165524094        20.049731445308517        10.736079545675492     
   1076986.6497217864        1087312.7445629900        1099982.8632939425        18448.976561742897        28775.071402946400        41445.190133899050        13.552555117451270        8.3326969259637202        7.7909959187747724     
   1230718.9445937350        1241045.0394349387        1253715.1581658912        18448.976561742897        28775.071402946400        41445.190133899050        26.138907470700950        14.045314571869653        2.6691864013673028     
   1400617.8322986232        1410943.9271398268        1423614.0458707793        18448.976561742897        28775.071402946400        41445.190133899050        15.169486381893213        13.806264503280701        19.341796874994461     
   1587778.8456964518        1598104.9405376555        1610775.0592686080        18448.976561742897        28775.071402946400        41445.190133899050        14.022764217458878        18.480993712583146        11.672493301318218     
   1793333.4367573834        1803659.5315985871        1816329.6503295396        18448.976561742897        28775.071402946400        41445.190133899050        18.719038597958676        13.849910415516700        15.699581480175665     
   2018448.9765617433        2028775.0714029470        2041445.1901338995        18448.976561742897        28775.071402946400        41445.190133899050        22.976746432758905        22.439139404290792        22.262478332520750     
