   18448.976561742897        28775.071402946400        41445.190133899050        18448.976561742897        28775.071402946400        41445.190133899050       3.60766601562500233E-002  0.28429199218750356        1.7220422363281171     
   18450.473191333058        28776.568032536561        41446.686763489211        18448.976561742897        28775.071402946400        41445.190133899050       3.60766601562500233E-002  0.28468750000000353        1.7256923675536842     
   18472.922635185503        28799.017476389006        41469.136207341660        18448.976561742897        28775.071402946400        41445.190133899050       3.60766601562500233E-002  0.28591354370117178        1.7256298828124557     
   18570.203558546094        28896.298399749598        41566.417130702248        18448.976561742897        28775.071402946400        41445.190133899050       3.49707031249999883E-002  0.28785156249999833        1.7351417541503569     
   18832.113736824613        29158.208578028116        41828.327308980763        18448.976561742897        28775.071402946400        41445.190133899050       3.64331054687500114E-002  0.29256057739259389        1.6739160156249309     
   19384.370055594743        29710.464896798247        42380.583627750893        18448.976561742897        28775.071402946400        41445.190133899050       3.82836914062500006E-002  0.30295166015626634        1.7194628906249965     
   20388.608510594084        30714.703351797587        43384.822082750237        18448.976561742897        28775.071402946400        41445.190133899050       3.94589233398504324E-002  0.32519287109375250        1.6734179687500312     
   22042.384207724150        32368.479048927649        45038.597779880300        18448.976561742897        28775.071402946400        41445.190133899050       4.20800781249993858E-002  0.33656249999999899        1.8041283798217025     
   24579.171363050355        34905.266204253858        47575.384935206508        18448.976561742897        28775.071402946400        41445.190133899050       4.55468750000000075E-002  0.35312744140624819        1.8634620666503900     
   28268.363302802034        38594.458144005534        51264.576874958184        18448.976561742897        28775.071402946400        41445.190133899050       4.79638671874976913E-002  0.37930053710941936        1.9760443496704125     
   33415.272463372428        43741.367304575935        56411.486035528578        18448.976561742897        28775.071402946400        41445.190133899050       5.36572265625866879E-002  0.41921783447265482        2.1662986755371292     
   40361.130391318693        50687.225232522193        63357.343963474850        18448.976561742897        28775.071402946400        41445.190133899050       6.40185070037860571E-002  0.48432128906249550        2.8383966064453032     
   49483.087743361903        59809.182584565409        72479.301315518067        18448.976561742897        28775.071402946400        41445.190133899050       7.60009765624949374E-002  0.58882324218749771        3.4204345703124019     
   61194.214286387010        71520.309127590517        84190.427858543175        18448.976561742897        28775.071402946400        41445.190133899050       9.39562034606730018E-002  0.76777770996095351        4.0413370913359818     
   75943.498897442914        86269.593738646421        98939.712469599064        18448.976561742897        28775.071402946400        41445.190133899050       0.15835937500000535        1.6275455863125994        5.5332037739579425     
   94215.849563742406        104541.94440494591        117212.06313589856        18448.976561742897        28775.071402946400        41445.190133899050       0.95915416380893537        3.1672664446317143        6.5155184756516684     
   116532.09338266221        126858.18822386571        139528.30695481837        18448.976561742897        28775.071402946400        41445.190133899050        2.3315279325751503        4.6688731710107634        7.6474442729754832     
   143448.97656174292        153775.07140294643        166445.19013389907        18448.976561742897        28775.071402946400        41445.190133899050        4.1603317901235242        6.3734171739248024        8.7987808641975267     
   175559.16441868906        185885.25925989257        198555.37799084521        18448.976561742897        28775.071402946400        41445.190133899050        5.8122919868451968        8.0457182355958441        10.913430665104059     
   213491.24138136912        223817.33622257263        236487.45495352527        18448.976561742897        28775.071402946400        41445.190133899050        7.5713888888878982        9.5159259259253712        12.708244170095849     
   257909.71098781540        268235.80582901894        280905.92455997155        18448.976561742897        28775.071402946400        41445.190133899050        9.0505985971387641        10.067067901234353        12.294746656378145     
   309514.99588622421        319841.09072742774        332511.20945838036        18448.976561742897        28775.071402946400        41445.190133899050        10.391450334149605        9.6185593492787049        10.157777777776296     
   369043.43783495564        379369.53267615917        392039.65140711179        18448.976561742897        28775.071402946400        41445.190133899050        10.288650342300794        9.2427160493820697        10.190576131686216     
   437267.29770253383        447593.39254373731        460263.51127468998        18448.976561742897        28775.071402946400        41445.190133899050        11.096327160492628        9.0894629248582834        9.2586917009583516     
   514994.75546764705        525320.85030885052        537990.96903980325        18448.976561742897        28775.071402946400        41445.190133899050        10.766269456827503        27.669241256713804        23.644565429685976     
   603069.91021914675        613396.00506035017        626066.12379130290        18448.976561742897        28775.071402946400        41445.190133899050        11.375068587105527        9.8710019433013763        25.413416957852089     
   702372.78015604883        712698.87499725225        725368.99372820498        18448.976561742897        28775.071402946400        41445.190133899050        14.787765651156290        11.128991769547818        13.424322487702053     
   813819.30258753314        824145.39742873656        836815.51615968929        18448.976561742897        28775.071402946400        41445.190133899050        13.440010131075832        27.963503817184581        25.730140991212650     
   938361.33393294329        948687.42877414671        961357.54750509944        18448.976561742897        28775.071402946400        41445.190133899050        14.289730617364450        16.630311988344264        12.827574569488524     
   1076986.6497217864        1087312.7445629900        1099982.8632939425        18448.976561742897        28775.071402946400        41445.190133899050        14.741213877293786        9.9499804240944858        22.945066528319209     
   1230718.9445937350        1241045.0394349387        1253715.1581658912        18448.976561742897        28775.071402946400        41445.190133899050        28.067986263434648        23.226845703122130        22.900795898434684     
   1400617.8322986232        1410943.9271398268        1423614.0458707793        18448.976561742897        28775.071402946400        41445.190133899050        25.242810982125288        23.502446594238222        25.520654296872149     
   1587778.8456964518        1598104.9405376555        1610775.0592686080        18448.976561742897        28775.071402946400        41445.190133899050        24.811305232796080        22.521904296873650        22.016508789058474     
   1793333.4367573834        1803659.5315985871        1816329.6503295396        18448.976561742897        28775.071402946400        41445.190133899050        24.677454786399352        20.055017537565536        13.825107413936500     
   2018448.9765617433        2028775.0714029470        2041445.1901338995        18448.976561742897        28775.071402946400        41445.190133899050        19.335877075194567        27.353515624999432        15.397812499997302     
