   18448.976561742897        28775.071402946400        41445.190133899050        18448.976561742897        28775.071402946400        41445.190133899050       2.92187500000000190E-002  0.18798431396484364        1.0625936889648437     
   18450.473191333058        28776.568032536561        41446.686763489211        18448.976561742897        28775.071402946400        41445.190133899050       2.92187500000000190E-002  0.18798431396484364        1.0625936889648437     
   18472.922635185503        28799.017476389006        41469.136207341660        18448.976561742897        28775.071402946400        41445.190133899050       2.95735168457030954E-002  0.18852176666259784        1.0635440635681142     
   18570.203558546094        28896.298399749598        41566.417130702248        18448.976561742897        28775.071402946400        41445.190133899050       2.92578125000000043E-002  0.19009521484375486        1.0704760742187500     
   18832.113736824613        29158.208578028116        41828.327308980763        18448.976561742897        28775.071402946400        41445.190133899050       2.96630859375000104E-002  0.19300323486327425        1.0833848571777360     
   19384.370055594743        29710.464896798247        42380.583627750893        18448.976561742897        28775.071402946400        41445.190133899050       3.18261718750000241E-002  0.19914062499999557        1.1133935546874878     
   20388.608510594084        30714.703351797587        43384.822082750237        18448.976561742897        28775.071402946400        41445.190133899050       3.22689819336043002E-002  0.21306640625000128        1.1696919250488274     
   22042.384207724150        32368.479048927649        45038.597779880300        18448.976561742897        28775.071402946400        41445.190133899050       3.41410827636712544E-002  0.22107427597045987        1.2246313476562487     
   24579.171363050355        34905.266204253858        47575.384935206508        18448.976561742897        28775.071402946400        41445.190133899050       3.76757812500000400E-002  0.23691894531251340        1.2862890624999614     
   28268.363302802034        38594.458144005534        51264.576874958184        18448.976561742897        28775.071402946400        41445.190133899050       4.04653167724619567E-002  0.25551269531249549        1.3622473144531275     
   33415.272463372428        43741.367304575935        56411.486035528578        18448.976561742897        28775.071402946400        41445.190133899050       4.56040191650571788E-002  0.28724143981933259        1.4808720397949231     
   40361.130391318693        50687.225232522193        63357.343963474850        18448.976561742897        28775.071402946400        41445.190133899050       5.31640625000018296E-002  0.33955167770386863        1.6972592163085827     
   49483.087743361903        59809.182584565409        72479.301315518067        18448.976561742897        28775.071402946400        41445.190133899050       6.34609985351321793E-002  0.43840011596679690        2.5228425485348613     
   61194.214286387010        71520.309127590517        84190.427858543175        18448.976561742897        28775.071402946400        41445.190133899050       9.38427734375031908E-002  0.85683521114347616        3.3368355465376980     
   75943.498897442914        86269.593738646421        98939.712469599064        18448.976561742897        28775.071402946400        41445.190133899050       0.56581296558265382        1.5427567551154708        4.3669787871154577     
   94215.849563742406        104541.94440494591        117212.06313589856        18448.976561742897        28775.071402946400        41445.190133899050        1.2507832861796773        2.8461274407365820        5.4513775648723763     
   116532.09338266221        126858.18822386571        139528.30695481837        18448.976561742897        28775.071402946400        41445.190133899050        2.7258813085848219        3.9603206447183141        7.1635341381599327     
   143448.97656174292        153775.07140294643        166445.19013389907        18448.976561742897        28775.071402946400        41445.190133899050        4.0329740339458997        5.5660628858015313        8.4430275491547384     
   175559.16441868906        185885.25925989257        198555.37799084521        18448.976561742897        28775.071402946400        41445.190133899050        5.7290774240460642        7.1885555269771082        10.020318501371227     
   213491.24138136912        223817.33622257263        236487.45495352527        18448.976561742897        28775.071402946400        41445.190133899050        7.3932698902604566        9.8179462448559303        11.191923868312561     
   257909.71098781540        268235.80582901894        280905.92455997155        18448.976561742897        28775.071402946400        41445.190133899050        8.9734589334699706        10.080072016460328        13.226730109738360     
   309514.99588622421        319841.09072742774        332511.20945838036        18448.976561742897        28775.071402946400        41445.190133899050        8.8564588096318779        9.9521502057616100        11.939639917695054     
   369043.43783495564        379369.53267615917        392039.65140711179        18448.976561742897        28775.071402946400        41445.190133899050        10.291213359349108        10.269556970164253        10.039166666666018     
   437267.29770253383        447593.39254373731        460263.51127468998        18448.976561742897        28775.071402946400        41445.190133899050        9.9167495427527808        9.2721399176952293        10.161337448558813     
   514994.75546764705        525320.85030885052        537990.96903980325        18448.976561742897        28775.071402946400        41445.190133899050        10.973227023319829        9.1327859701260703        9.2483999199815798     
   603069.91021914675        613396.00506035017        626066.12379130290        18448.976561742897        28775.071402946400        41445.190133899050        26.017293212182974        27.670017471313585        29.579400329589955     
   702372.78015604883        712698.87499725225        725368.99372820498        18448.976561742897        28775.071402946400        41445.190133899050        23.780869750976336        12.491021272233832        22.967210693353863     
   813819.30258753314        824145.39742873656        836815.51615968929        18448.976561742897        28775.071402946400        41445.190133899050        13.103860012907122        11.101100823044797        26.532052001956156     
   938361.33393294329        948687.42877414671        961357.54750509944        18448.976561742897        28775.071402946400        41445.190133899050        12.768115700742351        35.223522963594753        21.202232055660996     
   1076986.6497217864        1087312.7445629900        1099982.8632939425        18448.976561742897        28775.071402946400        41445.190133899050        14.515467928748546        23.506254405701164        13.111211714597308     
   1230718.9445937350        1241045.0394349387        1253715.1581658912        18448.976561742897        28775.071402946400        41445.190133899050        19.335779724116662        23.503959388420785        21.366101684567433     
   1400617.8322986232        1410943.9271398268        1423614.0458707793        18448.976561742897        28775.071402946400        41445.190133899050        13.501375561533552        23.488403195052918        22.491901855463805     
   1587778.8456964518        1598104.9405376555        1610775.0592686080        18448.976561742897        28775.071402946400        41445.190133899050        13.069403020613210        20.387698280688323        21.872977905267962     
   1793333.4367573834        1803659.5315985871        1816329.6503295396        18448.976561742897        28775.071402946400        41445.190133899050        13.895783070814185        10.952273662550938        13.970049935355467     
   2018448.9765617433        2028775.0714029470        2041445.1901338995        18448.976561742897        28775.071402946400        41445.190133899050        12.285678782502622        17.467474365233482        16.847739257809057     
