   18448.976561742897        28775.071402946400        41445.190133899050        18448.976561742897        28775.071402946400        41445.190133899050       2.70739746093730388E-002  0.16862304687499718        1.0714038085937510     
   18450.473191333058        28776.568032536561        41446.686763489211        18448.976561742897        28775.071402946400        41445.190133899050       2.70739746093730388E-002  0.16862304687499718        1.0714038085937510     
   18472.922635185503        28799.017476389006        41469.136207341660        18448.976561742897        28775.071402946400        41445.190133899050       2.57885742187482642E-002  0.16844997406005585        1.0724218750000016     
   18570.203558546094        28896.298399749598        41566.417130702248        18448.976561742897        28775.071402946400        41445.190133899050       2.80078125000000136E-002  0.16948886871338759        1.0781250000000009     
   18832.113736824613        29158.208578028116        41828.327308980763        18448.976561742897        28775.071402946400        41445.190133899050       2.79367828369105342E-002  0.17257324218750408        1.0922607421875603     
   19384.370055594743        29710.464896798247        42380.583627750893        18448.976561742897        28775.071402946400        41445.190133899050       2.76757812500001144E-002  0.17927734374999876        1.0789169311523388     
   20388.608510594084        30714.703351797587        43384.822082750237        18448.976561742897        28775.071402946400        41445.190133899050       3.14717102050781072E-002  0.19181884765624985        1.0993457031249831     
   22042.384207724150        32368.479048927649        45038.597779880300        18448.976561742897        28775.071402946400        41445.190133899050       3.16210937499935632E-002  0.19819274902343181        1.1824218749999806     
   24579.171363050355        34905.266204253858        47575.384935206508        18448.976561742897        28775.071402946400        41445.190133899050       3.42901611328358252E-002  0.21061317443847494        1.3482421874999817     
   28268.363302802034        38594.458144005534        51264.576874958184        18448.976561742897        28775.071402946400        41445.190133899050       3.75856781005859258E-002  0.22653762817384726        1.4332505416869914     
   33415.272463372428        43741.367304575935        56411.486035528578        18448.976561742897        28775.071402946400        41445.190133899050       4.16992187500020151E-002  0.25299194335937764        1.4850463867187269     
   40361.130391318693        50687.225232522193        63357.343963474850        18448.976561742897        28775.071402946400        41445.190133899050       4.76495361328159728E-002  0.29355224609374930        1.6225946712493400     
   49483.087743361903        59809.182584565409        72479.301315518067        18448.976561742897        28775.071402946400        41445.190133899050       5.61205577850243734E-002  0.36114013671874895        1.8856726074218637     
   61194.214286387010        71520.309127590517        84190.427858543175        18448.976561742897        28775.071402946400        41445.190133899050       6.91410827636709385E-002  0.49390930175782544        3.0274974279831812     
   75943.498897442914        86269.593738646421        98939.712469599064        18448.976561742897        28775.071402946400        41445.190133899050       0.11226524353027437       0.71629394531248447        4.0927472708047352     
   94215.849563742406        104541.94440494591        117212.06313589856        18448.976561742897        28775.071402946400        41445.190133899050       0.73173197623741881        1.9641808395489777        5.5420867865035648     
   116532.09338266221        126858.18822386571        139528.30695481837        18448.976561742897        28775.071402946400        41445.190133899050        1.5116580932784196        3.7665744967897328        6.7385414047015146     
   143448.97656174292        153775.07140294643        166445.19013389907        18448.976561742897        28775.071402946400        41445.190133899050        3.8995217835504845        5.3705632716050395        8.3157245227477503     
   175559.16441868906        185885.25925989257        198555.37799084521        18448.976561742897        28775.071402946400        41445.190133899050        5.5016618084136271        8.5221837982611159        9.2350274348408412     
   213491.24138136912        223817.33622257263        236487.45495352527        18448.976561742897        28775.071402946400        41445.190133899050        7.4760564557617588        9.9603768004101347        11.237218522963319     
   257909.71098781540        268235.80582901894        280905.92455997155        18448.976561742897        28775.071402946400        41445.190133899050        9.9356310013702771        11.040035579560415        13.673700274347059     
   309514.99588622421        319841.09072742774        332511.20945838036        18448.976561742897        28775.071402946400        41445.190133899050        9.4994118655686197        9.8744444444435331        11.600216049382189     
   369043.43783495564        379369.53267615917        392039.65140711179        18448.976561742897        28775.071402946400        41445.190133899050        9.3044855967076465        10.191460905348880        11.343640689299555     
   437267.29770253383        447593.39254373731        460263.51127468998        18448.976561742897        28775.071402946400        41445.190133899050        10.154778735563275        9.3602863511655023        10.052716049381518     
   514994.75546764705        525320.85030885052        537990.96903980325        18448.976561742897        28775.071402946400        41445.190133899050        9.4328886106477299        10.016152592813523        10.055105595564036     
   603069.91021914675        613396.00506035017        626066.12379130290        18448.976561742897        28775.071402946400        41445.190133899050        13.402526396685271        11.410504416560229        9.2446653520818884     
   702372.78015604883        712698.87499725225        725368.99372820498        18448.976561742897        28775.071402946400        41445.190133899050        11.264835390946155        29.735012054443846        31.835833129882701     
   813819.30258753314        824145.39742873656        836815.51615968929        18448.976561742897        28775.071402946400        41445.190133899050        16.345638010055769        31.835747318267920        23.401132202147629     
   938361.33393294329        948687.42877414671        961357.54750509944        18448.976561742897        28775.071402946400        41445.190133899050        14.095684664526198        16.461234957171325        36.002061843870834     
   1076986.6497217864        1087312.7445629900        1099982.8632939425        18448.976561742897        28775.071402946400        41445.190133899050        24.294850387693796        22.198878784174688        21.780460205078011     
   1230718.9445937350        1241045.0394349387        1253715.1581658912        18448.976561742897        28775.071402946400        41445.190133899050        25.130109859904582        22.232752536557950        14.414166993312991     
   1400617.8322986232        1410943.9271398268        1423614.0458707793        18448.976561742897        28775.071402946400        41445.190133899050        15.574262825426512        21.731187340837050        13.615297506485033     
   1587778.8456964518        1598104.9405376555        1610775.0592686080        18448.976561742897        28775.071402946400        41445.190133899050        22.458289198572405        22.117457275385981        16.569209937419924     
   1793333.4367573834        1803659.5315985871        1816329.6503295396        18448.976561742897        28775.071402946400        41445.190133899050        22.871965723630659        14.055164284076794        14.436296187143641     
   2018448.9765617433        2028775.0714029470        2041445.1901338995        18448.976561742897        28775.071402946400        41445.190133899050        11.002427736458902        17.089324951169921        14.299631347655710     
