   18448.976561742897        28775.071402946400        41445.190133899050        18448.976561742897        28775.071402946400        41445.190133899050       8.59374999999997294E-003  6.44589996337828763E-002  0.38426757812504075     
   18450.473191333058        28776.568032536561        41446.686763489211        18448.976561742897        28775.071402946400        41445.190133899050       8.59374999999997294E-003  6.43786621093688227E-002  0.38426757812504075     
   18472.922635185503        28799.017476389006        41469.136207341660        18448.976561742897        28775.071402946400        41445.190133899050       7.47924804687496829E-003  6.51464843749937905E-002  0.38426757812504075     
   18570.203558546094        28896.298399749598        41566.417130702248        18448.976561742897        28775.071402946400        41445.190133899050       7.08007812499997051E-003  6.29174804687501199E-002  0.38514404296880522     
   18832.113736824613        29158.208578028116        41828.327308980763        18448.976561742897        28775.071402946400        41445.190133899050       8.13201904296873869E-003   0.0000000000000000       0.37193634033210343     
   19384.370055594743        29710.464896798247        42380.583627750893        18448.976561742897        28775.071402946400        41445.190133899050       8.13682556152343917E-003  6.38641357421873834E-002  0.38041015625000651     
   20388.608510594084        30714.703351797587        43384.822082750237        18448.976561742897        28775.071402946400        41445.190133899050       8.56386184690975660E-003  6.84634971618653110E-002  0.39936614990236297     
   22042.384207724150        32368.479048927649        45038.597779880300        18448.976561742897        28775.071402946400        41445.190133899050       8.67797851563151951E-003  7.11825561523433681E-002  0.41024414062499659     
   24579.171363050355        34905.266204253858        47575.384935206508        18448.976561742897        28775.071402946400        41445.190133899050       9.68017578124647643E-003  7.55661392211885441E-002  0.42626342773437176     
   28268.363302802034        38594.458144005534        51264.576874958184        18448.976561742897        28775.071402946400        41445.190133899050       1.06924629211356641E-002  8.10205078125102174E-002  0.44926269531248114     
   33415.272463372428        43741.367304575935        56411.486035528578        18448.976561742897        28775.071402946400        41445.190133899050       1.19491577148451017E-002  8.89808654785203268E-002  0.49007812499999970     
   40361.130391318693        50687.225232522193        63357.343963474850        18448.976561742897        28775.071402946400        41445.190133899050       1.51660156250031878E-002  9.87093925476035527E-002  0.54756225585937623     
   49483.087743361903        59809.182584565409        72479.301315518067        18448.976561742897        28775.071402946400        41445.190133899050       1.69249916076655155E-002  0.11440429687499987       0.63284606933593646     
   61194.214286387010        71520.309127590517        84190.427858543175        18448.976561742897        28775.071402946400        41445.190133899050       2.15795898436968794E-002  0.13727844238281142       0.76832855224609276     
   75943.498897442914        86269.593738646421        98939.712469599064        18448.976561742897        28775.071402946400        41445.190133899050       2.90768432617201332E-002  0.20722900390625781       0.99804687499999312     
   94215.849563742406        104541.94440494591        117212.06313589856        18448.976561742897        28775.071402946400        41445.190133899050       0.36279943004829801       0.93715253665130804        2.1994535695461841     
   116532.09338266221        126858.18822386571        139528.30695481837        18448.976561742897        28775.071402946400        41445.190133899050       0.92079367992440586        2.0163611012874036        4.2617021866903837     
   143448.97656174292        153775.07140294643        166445.19013389907        18448.976561742897        28775.071402946400        41445.190133899050        2.6849199102653358        3.5432050540124949        5.7518067621794504     
   175559.16441868906        185885.25925989257        198555.37799084521        18448.976561742897        28775.071402946400        41445.190133899050        4.2859456506725788        5.4172598379633383        7.6796296296293933     
   213491.24138136912        223817.33622257263        236487.45495352527        18448.976561742897        28775.071402946400        41445.190133899050        5.9768243376259678        7.4459645061727526        9.0733586486420261     
   257909.71098781540        268235.80582901894        280905.92455997155        18448.976561742897        28775.071402946400        41445.190133899050        9.0738134430720176        10.234170524689299        11.208676268861629     
   309514.99588622421        319841.09072742774        332511.20945838036        18448.976561742897        28775.071402946400        41445.190133899050        9.0676564643344442        10.085771604937321        12.686014660491724     
   369043.43783495564        379369.53267615917        392039.65140711179        18448.976561742897        28775.071402946400        41445.190133899050        9.2623045267478368        10.161724965705641        13.016865997941574     
   437267.29770253383        447593.39254373731        460263.51127468998        18448.976561742897        28775.071402946400        41445.190133899050        10.105070914353107        9.3119427297665602        10.110648148147876     
   514994.75546764705        525320.85030885052        537990.96903980325        18448.976561742897        28775.071402946400        41445.190133899050        9.5336902428468182        9.6919032921808483        10.062561728393611     
   603069.91021914675        613396.00506035017        626066.12379130290        18448.976561742897        28775.071402946400        41445.190133899050        9.9070410379513536        24.450788116452902        22.729243774409216     
   702372.78015604883        712698.87499725225        725368.99372820498        18448.976561742897        28775.071402946400        41445.190133899050        11.286066529491420        14.752596522061619        26.071228637693885     
   813819.30258753314        824145.39742873656        836815.51615968929        18448.976561742897        28775.071402946400        41445.190133899050        11.350020576130456        35.016711883545170        26.372017211911061     
   938361.33393294329        948687.42877414671        961357.54750509944        18448.976561742897        28775.071402946400        41445.190133899050        14.830566920586467        21.347312011713701        22.538083496092170     
   1076986.6497217864        1087312.7445629900        1099982.8632939425        18448.976561742897        28775.071402946400        41445.190133899050        11.223200067863692        16.507445519586067        21.866972656241852     
   1230718.9445937350        1241045.0394349387        1253715.1581658912        18448.976561742897        28775.071402946400        41445.190133899050        11.002847786822917        22.756609497065096        20.714274902340790     
   1400617.8322986232        1410943.9271398268        1423614.0458707793        18448.976561742897        28775.071402946400        41445.190133899050        11.002780209093888        22.573378906246010        21.465646972649932     
   1587778.8456964518        1598104.9405376555        1610775.0592686080        18448.976561742897        28775.071402946400        41445.190133899050        11.004756757453711        22.176040039057511        22.445560302728921     
   1793333.4367573834        1803659.5315985871        1816329.6503295396        18448.976561742897        28775.071402946400        41445.190133899050        11.039248971192110        16.595899792967611        19.646394042967412     
   2018448.9765617433        2028775.0714029470        2041445.1901338995        18448.976561742897        28775.071402946400        41445.190133899050        16.131805174514554        19.335802917476826        11.709291992187511     
