   18448.976561742897        28775.071402946400        41445.190133899050        18448.976561742897        28775.071402946400        41445.190133899050       2.95654296875000160E-002  0.17512512207031672       0.84764648437503198     
   18450.473191333058        28776.568032536561        41446.686763489211        18448.976561742897        28775.071402946400        41445.190133899050       2.95654296875000160E-002  0.17517028808594171       0.84750091552737650     
   18472.922635185503        28799.017476389006        41469.136207341660        18448.976561742897        28775.071402946400        41445.190133899050       2.93750000000000157E-002  0.17548156738281673       0.84911010742190740     
   18570.203558546094        28896.298399749598        41566.417130702248        18448.976561742897        28775.071402946400        41445.190133899050       2.92578125000000043E-002  0.17650829315185995       0.82585083007812798     
   18832.113736824613        29158.208578028116        41828.327308980763        18448.976561742897        28775.071402946400        41445.190133899050       2.99365234375000115E-002  0.17921157836914980       0.83778778076171956     
   19384.370055594743        29710.464896798247        42380.583627750893        18448.976561742897        28775.071402946400        41445.190133899050       3.18261718750000241E-002  0.18661434173583982       0.85929687500000074     
   20388.608510594084        30714.703351797587        43384.822082750237        18448.976561742897        28775.071402946400        41445.190133899050       3.23498535156355529E-002  0.19985641479492197       0.86494857788085100     
   22042.384207724150        32368.479048927649        45038.597779880300        18448.976561742897        28775.071402946400        41445.190133899050       3.49957275390619035E-002  0.20708007812499973       0.93653320312498733     
   24579.171363050355        34905.266204253858        47575.384935206508        18448.976561742897        28775.071402946400        41445.190133899050       3.67114257812500011E-002  0.21910156250001622       0.96838867187500299     
   28268.363302802034        38594.458144005534        51264.576874958184        18448.976561742897        28775.071402946400        41445.190133899050       4.03710937500010511E-002  0.23327636718749234        1.0239622879028294     
   33415.272463372428        43741.367304575935        56411.486035528578        18448.976561742897        28775.071402946400        41445.190133899050       4.66723632812680866E-002  0.25934890747069572        1.1268565368652330     
   40361.130391318693        50687.225232522193        63357.343963474850        18448.976561742897        28775.071402946400        41445.190133899050       5.37681579589861930E-002  0.30365234374999950        1.3297393798827843     
   49483.087743361903        59809.182584565409        72479.301315518067        18448.976561742897        28775.071402946400        41445.190133899050       7.05603027343685713E-002  0.38461503982543666        1.8524697073617513     
   61194.214286387010        71520.309127590517        84190.427858543175        18448.976561742897        28775.071402946400        41445.190133899050       0.24914211529599345       0.81012784635161372        2.5447069687356905     
   75943.498897442914        86269.593738646421        98939.712469599064        18448.976561742897        28775.071402946400        41445.190133899050       0.56484757230216620        1.4129120495398553        2.9505651926789263     
   94215.849563742406        104541.94440494591        117212.06313589856        18448.976561742897        28775.071402946400        41445.190133899050        1.1514084022775704        2.1129149475236924        3.7731744041493989     
   116532.09338266221        126858.18822386571        139528.30695481837        18448.976561742897        28775.071402946400        41445.190133899050        2.2382108410492734        2.7656280006860108        4.2054835390931951     
   143448.97656174292        153775.07140294643        166445.19013389907        18448.976561742897        28775.071402946400        41445.190133899050        2.7966497864856681        3.8326796660664035        5.2548546453465912     
   175559.16441868906        185885.25925989257        198555.37799084521        18448.976561742897        28775.071402946400        41445.190133899050        3.6402160493830173        4.9597553905177767        5.7814334665380125     
   213491.24138136912        223817.33622257263        236487.45495352527        18448.976561742897        28775.071402946400        41445.190133899050        4.9636901887090286        5.6919187242798577        6.9873800440074723     
   257909.71098781540        268235.80582901894        280905.92455997155        18448.976561742897        28775.071402946400        41445.190133899050        6.3502160493821664        7.5439246827841204        6.9587388545950262     
   309514.99588622421        319841.09072742774        332511.20945838036        18448.976561742897        28775.071402946400        41445.190133899050        8.3506237616213976        8.5065260630994022        8.9425728737994739     
   369043.43783495564        379369.53267615917        392039.65140711179        18448.976561742897        28775.071402946400        41445.190133899050        9.1491922915697987        8.5572785208040099        9.3318518518514946     
   437267.29770253383        447593.39254373731        460263.51127468998        18448.976561742897        28775.071402946400        41445.190133899050        9.2000142889795811        9.1434610768161164        9.6208419781665491     
   514994.75546764705        525320.85030885052        537990.96903980325        18448.976561742897        28775.071402946400        41445.190133899050        10.450041152262219        8.8429008221608836        9.1949945701875961     
   603069.91021914675        613396.00506035017        626066.12379130290        18448.976561742897        28775.071402946400        41445.190133899050        16.427945624342222        8.9765036308959996        9.7530478395062197     
   702372.78015604883        712698.87499725225        725368.99372820498        18448.976561742897        28775.071402946400        41445.190133899050        9.5032177354831031        9.5124011202559782        8.8522715668349150     
   813819.30258753314        824145.39742873656        836815.51615968929        18448.976561742897        28775.071402946400        41445.190133899050        9.5439584762228442        10.986080246912936        9.0344289170853056     
   938361.33393294329        948687.42877414671        961357.54750509944        18448.976561742897        28775.071402946400        41445.190133899050        13.466247060739141        11.114650205761293        9.2270664791037493     
   1076986.6497217864        1087312.7445629900        1099982.8632939425        18448.976561742897        28775.071402946400        41445.190133899050        12.826818207325820        14.566703695117084        13.493403072621300     
   1230718.9445937350        1241045.0394349387        1253715.1581658912        18448.976561742897        28775.071402946400        41445.190133899050        13.758384020610285        14.801843004445720        11.002390260630170     
   1400617.8322986232        1410943.9271398268        1423614.0458707793        18448.976561742897        28775.071402946400        41445.190133899050        14.114619100150069        15.663619410480536        10.777690329217748     
   1587778.8456964518        1598104.9405376555        1610775.0592686080        18448.976561742897        28775.071402946400        41445.190133899050        13.916730720766715        22.047907445348308        11.134063786005964     
   1793333.4367573834        1803659.5315985871        1816329.6503295396        18448.976561742897        28775.071402946400        41445.190133899050        23.415006870315711        11.467602477350232        21.806093749994385     
   2018448.9765617433        2028775.0714029470        2041445.1901338995        18448.976561742897        28775.071402946400        41445.190133899050        14.384236326222451        13.578789062499187        15.903833007809794     
