   18448.976561742897        28775.071402946400        41445.190133899050        18448.976561742897        28775.071402946400        41445.190133899050       7.77473449707034858E-003  0.14542968750002230        2.1209790039062186     
   18450.473191333058        28776.568032536561        41446.686763489211        18448.976561742897        28775.071402946400        41445.190133899050       7.77473449707034858E-003  0.14542968750002230        2.1209790039062186     
   18472.922635185503        28799.017476389006        41469.136207341660        18448.976561742897        28775.071402946400        41445.190133899050       7.77473449707034858E-003  0.14590576171876168        2.1232421874999767     
   18570.203558546094        28896.298399749598        41566.417130702248        18448.976561742897        28775.071402946400        41445.190133899050       8.02034378051761157E-003  0.14109619140625437        2.1325076961516762     
   18832.113736824613        29158.208578028116        41828.327308980763        18448.976561742897        28775.071402946400        41445.190133899050       8.10180664062499709E-003  0.14249023437499947        2.1570597076415798     
   19384.370055594743        29710.464896798247        42380.583627750893        18448.976561742897        28775.071402946400        41445.190133899050       8.14727783203125951E-003  0.14955078125000004        2.0742700195311778     
   20388.608510594084        30714.703351797587        43384.822082750237        18448.976561742897        28775.071402946400        41445.190133899050       1.00537109375102920E-002  0.15864608764648447        2.1594828510285478     
   22042.384207724150        32368.479048927649        45038.597779880300        18448.976561742897        28775.071402946400        41445.190133899050       9.41032409663853514E-003  0.16357437133789041        2.1096929931640123     
   24579.171363050355        34905.266204253858        47575.384935206508        18448.976561742897        28775.071402946400        41445.190133899050       1.00274658203125082E-002  0.17242797851563879        2.3331097412109703     
   28268.363302802034        38594.458144005534        51264.576874958184        18448.976561742897        28775.071402946400        41445.190133899050       1.19775390625000422E-002  0.18599275112151784        2.4707489013671475     
   33415.272463372428        43741.367304575935        56411.486035528578        18448.976561742897        28775.071402946400        41445.190133899050       1.29132080078135751E-002  0.20714355468749399        2.7816670227050420     
   40361.130391318693        50687.225232522193        63357.343963474850        18448.976561742897        28775.071402946400        41445.190133899050       1.56958007812406861E-002  0.24405273437500996        3.1605139160156379     
   49483.087743361903        59809.182584565409        72479.301315518067        18448.976561742897        28775.071402946400        41445.190133899050       1.80273437500023531E-002  0.30304687500000022        3.7636809921264609     
   61194.214286387010        71520.309127590517        84190.427858543175        18448.976561742897        28775.071402946400        41445.190133899050       2.40624999999987932E-002  0.42018859863280900        4.8136517023983822     
   75943.498897442914        86269.593738646421        98939.712469599064        18448.976561742897        28775.071402946400        41445.190133899050       3.20739746094101941E-002  0.62738281249999628        6.0730698623969506     
   94215.849563742406        104541.94440494591        117212.06313589856        18448.976561742897        28775.071402946400        41445.190133899050       0.36247907259753165        1.7922738233025188        7.0257130915632757     
   116532.09338266221        126858.18822386571        139528.30695481837        18448.976561742897        28775.071402946400        41445.190133899050       0.94358705650574493        3.4140878093565172        8.2973328725135094     
   143448.97656174292        153775.07140294643        166445.19013389907        18448.976561742897        28775.071402946400        41445.190133899050        2.9686047286999351        4.9899632535046630        9.3640252057603224     
   175559.16441868906        185885.25925989257        198555.37799084521        18448.976561742897        28775.071402946400        41445.190133899050        4.4382619678147472        7.3641901720386089        11.283632258801585     
   213491.24138136912        223817.33622257263        236487.45495352527        18448.976561742897        28775.071402946400        41445.190133899050        6.6571296296288747        9.7723611111112589        13.748632485705892     
   257909.71098781540        268235.80582901894        280905.92455997155        18448.976561742897        28775.071402946400        41445.190133899050        9.1603488297317863        9.9659362139916876        15.204894282059838     
   309514.99588622421        319841.09072742774        332511.20945838036        18448.976561742897        28775.071402946400        41445.190133899050        9.5211522633739669        9.9620576131675733        17.478238354274350     
   369043.43783495564        379369.53267615917        392039.65140711179        18448.976561742897        28775.071402946400        41445.190133899050        9.5408763749172056        10.389073431069377        9.6419280121186670     
   437267.29770253383        447593.39254373731        460263.51127468998        18448.976561742897        28775.071402946400        41445.190133899050        10.004241255143178        9.3883641975307253        13.599432567063063     
   514994.75546764705        525320.85030885052        537990.96903980325        18448.976561742897        28775.071402946400        41445.190133899050        9.2698781626267284        9.3225287684801241        11.004895720655211     
   603069.91021914675        613396.00506035017        626066.12379130290        18448.976561742897        28775.071402946400        41445.190133899050        11.248167851064547        27.650384616851881        9.7884245594685115     
   702372.78015604883        712698.87499725225        725368.99372820498        18448.976561742897        28775.071402946400        41445.190133899050        22.166828613276159        12.870647271819260        9.5992735482392995     
   813819.30258753314        824145.39742873656        836815.51615968929        18448.976561742897        28775.071402946400        41445.190133899050        21.975893554681342        21.904898681636460        27.694366269927407     
   938361.33393294329        948687.42877414671        961357.54750509944        18448.976561742897        28775.071402946400        41445.190133899050        23.792934570310354        21.924549518725541        32.077331008830548     
   1076986.6497217864        1087312.7445629900        1099982.8632939425        18448.976561742897        28775.071402946400        41445.190133899050        25.627458496092640        27.421572108554724        29.614510891150193     
   1230718.9445937350        1241045.0394349387        1253715.1581658912        18448.976561742897        28775.071402946400        41445.190133899050        21.743789062494390        11.181467764056629        31.259725424936356     
   1400617.8322986232        1410943.9271398268        1423614.0458707793        18448.976561742897        28775.071402946400        41445.190133899050        21.679711914057144        11.151121399174311        19.334971002978371     
   1587778.8456964518        1598104.9405376555        1610775.0592686080        18448.976561742897        28775.071402946400        41445.190133899050        21.404895019526936        21.174179509694635        19.335871211265633     
   1793333.4367573834        1803659.5315985871        1816329.6503295396        18448.976561742897        28775.071402946400        41445.190133899050        22.277160644523359        15.169290771484368        15.429286503372444     
   2018448.9765617433        2028775.0714029470        2041445.1901338995        18448.976561742897        28775.071402946400        41445.190133899050        19.430395507818687        14.535978485558458        15.175159083288538     
