   18448.976561742897        28775.071402946400        41445.190133899050        18448.976561742897        28775.071402946400        41445.190133899050       1.81835937500001189E-002  0.14593631744387200        1.0181640624999986     
   18450.473191333058        28776.568032536561        41446.686763489211        18448.976561742897        28775.071402946400        41445.190133899050       1.81835937500001189E-002  0.14594177246096185        1.0181640624999986     
   18472.922635185503        28799.017476389006        41469.136207341660        18448.976561742897        28775.071402946400        41445.190133899050       1.90332031250001130E-002  0.14601806640627232        1.0196986389160101     
   18570.203558546094        28896.298399749598        41566.417130702248        18448.976561742897        28775.071402946400        41445.190133899050       1.75730419158935565E-002  0.13855712890625732        1.0259529113769701     
   18832.113736824613        29158.208578028116        41828.327308980763        18448.976561742897        28775.071402946400        41445.190133899050       1.82199096679687596E-002  0.14213073730468739        1.0423429870605472     
   19384.370055594743        29710.464896798247        42380.583627750893        18448.976561742897        28775.071402946400        41445.190133899050       1.95101833343505962E-002  0.14835342407226565        1.0770458984375000     
   20388.608510594084        30714.703351797587        43384.822082750237        18448.976561742897        28775.071402946400        41445.190133899050       2.03434753417976386E-002  0.16069885253906210        1.0817913818359359     
   22042.384207724150        32368.479048927649        45038.597779880300        18448.976561742897        28775.071402946400        41445.190133899050       2.08691406250001155E-002  0.16303710937499855        1.1082226562499706     
   24579.171363050355        34905.266204253858        47575.384935206508        18448.976561742897        28775.071402946400        41445.190133899050       2.35312652587890414E-002  0.17313476562499930        1.1589892578125300     
   28268.363302802034        38594.458144005534        51264.576874958184        18448.976561742897        28775.071402946400        41445.190133899050       2.61523437499999976E-002  0.19158798217773865        1.3846582031250101     
   33415.272463372428        43741.367304575935        56411.486035528578        18448.976561742897        28775.071402946400        41445.190133899050       3.04830932617187987E-002  0.21730987548828706        1.5101609802246054     
   40361.130391318693        50687.225232522193        63357.343963474850        18448.976561742897        28775.071402946400        41445.190133899050       3.59418773651177387E-002  0.25633010864257921        1.7249651432037298     
   49483.087743361903        59809.182584565409        72479.301315518067        18448.976561742897        28775.071402946400        41445.190133899050       4.26696777343690825E-002  0.32104736804964162        2.0468685913085958     
   61194.214286387010        71520.309127590517        84190.427858543175        18448.976561742897        28775.071402946400        41445.190133899050       5.42324829101809291E-002  0.44001693725589341        3.0880194520654221     
   75943.498897442914        86269.593738646421        98939.712469599064        18448.976561742897        28775.071402946400        41445.190133899050       9.56860351562580369E-002  0.66280990600586298        4.3990902384827617     
   94215.849563742406        104541.94440494591        117212.06313589856        18448.976561742897        28775.071402946400        41445.190133899050       0.63395885627030457        1.9245321842412997        5.6346979904930743     
   116532.09338266221        126858.18822386571        139528.30695481837        18448.976561742897        28775.071402946400        41445.190133899050        1.7575094307270900        3.6872677326249126        7.1961222565154044     
   143448.97656174292        153775.07140294643        166445.19013389907        18448.976561742897        28775.071402946400        41445.190133899050        3.5551684670782615        5.3761818058415098        8.4646819272972333     
   175559.16441868906        185885.25925989257        198555.37799084521        18448.976561742897        28775.071402946400        41445.190133899050        5.0887345679011018        7.3980499828522310        9.3706386459756423     
   213491.24138136912        223817.33622257263        236487.45495352527        18448.976561742897        28775.071402946400        41445.190133899050        7.6727451989022351        9.7936410108016503        11.335396090534365     
   257909.71098781540        268235.80582901894        280905.92455997155        18448.976561742897        28775.071402946400        41445.190133899050        9.2606618655683057        10.111217421124303        11.302067901233247     
   309514.99588622421        319841.09072742774        332511.20945838036        18448.976561742897        28775.071402946400        41445.190133899050        9.2198950236246908        9.9440209905119286        11.475358796295398     
   369043.43783495564        379369.53267615917        392039.65140711179        18448.976561742897        28775.071402946400        41445.190133899050        9.3210304260024337        9.4576077389111326        10.321635802468352     
   437267.29770253383        447593.39254373731        460263.51127468998        18448.976561742897        28775.071402946400        41445.190133899050        11.396328089277528        9.6937139917691475        10.472852509144129     
   514994.75546764705        525320.85030885052        537990.96903980325        18448.976561742897        28775.071402946400        41445.190133899050        11.292198216735331        19.647546539301413        22.727792968744598     
   603069.91021914675        613396.00506035017        626066.12379130290        18448.976561742897        28775.071402946400        41445.190133899050        11.169135802468517        21.167578124994559        24.985388488767111     
   702372.78015604883        712698.87499725225        725368.99372820498        18448.976561742897        28775.071402946400        41445.190133899050        20.847005004878579        22.116713867181840        22.770773925775604     
   813819.30258753314        824145.39742873656        836815.51615968929        18448.976561742897        28775.071402946400        41445.190133899050        20.112629394527794        21.699479980463249        21.082990112300202     
   938361.33393294329        948687.42877414671        961357.54750509944        18448.976561742897        28775.071402946400        41445.190133899050        25.062577514646687        22.679669189449388        22.443603515621405     
   1076986.6497217864        1087312.7445629900        1099982.8632939425        18448.976561742897        28775.071402946400        41445.190133899050        25.112436523437825        21.354855957027524        21.093671874994900     
   1230718.9445937350        1241045.0394349387        1253715.1581658912        18448.976561742897        28775.071402946400        41445.190133899050        24.860500488280902        21.561721191401478        22.097114257808236     
   1400617.8322986232        1410943.9271398268        1423614.0458707793        18448.976561742897        28775.071402946400        41445.190133899050        24.812817382812892        21.594514160150709        19.779140624995343     
   1587778.8456964518        1598104.9405376555        1610775.0592686080        18448.976561742897        28775.071402946400        41445.190133899050        23.631854248041400        21.044814453121209        20.968540039057494     
   1793333.4367573834        1803659.5315985871        1816329.6503295396        18448.976561742897        28775.071402946400        41445.190133899050        18.852218017579194        21.860703124998690        19.540530395507734     
   2018448.9765617433        2028775.0714029470        2041445.1901338995        18448.976561742897        28775.071402946400        41445.190133899050        15.732342529294247        16.866652832030073        15.570466003417874     
