   18448.976561742897        28775.071402946400        41445.190133899050        18448.976561742897        28775.071402946400        41445.190133899050       4.76156139373779472E-002  0.37649414062500619        2.1168115234375016     
   18450.473191333058        28776.568032536561        41446.686763489211        18448.976561742897        28775.071402946400        41445.190133899050       4.76933288574218905E-002  0.37526199340820943        2.1168115234375016     
   18472.922635185503        28799.017476389006        41469.136207341660        18448.976561742897        28775.071402946400        41445.190133899050       4.76855182647705211E-002  0.37616439819336445        2.1178809118270823     
   18570.203558546094        28896.298399749598        41566.417130702248        18448.976561742897        28775.071402946400        41445.190133899050       4.83646392822265694E-002  0.37878667831421498        2.1281933593749707     
   18832.113736824613        29158.208578028116        41828.327308980763        18448.976561742897        28775.071402946400        41445.190133899050       4.98254394531250089E-002  0.38646484374999313        2.0048205947876596     
   19384.370055594743        29710.464896798247        42380.583627750893        18448.976561742897        28775.071402946400        41445.190133899050       4.84790039062487493E-002  0.40115123748779657        2.0563500976562676     
   20388.608510594084        30714.703351797587        43384.822082750237        18448.976561742897        28775.071402946400        41445.190133899050       5.43322372436523537E-002  0.40049377441405676        2.1491992187499909     
   22042.384207724150        32368.479048927649        45038.597779880300        18448.976561742897        28775.071402946400        41445.190133899050       5.69382476806639115E-002  0.44397491455077598        2.0815429687499711     
   24579.171363050355        34905.266204253858        47575.384935206508        18448.976561742897        28775.071402946400        41445.190133899050       6.09477281570434543E-002  0.46117675781249878        2.3189062499998885     
   28268.363302802034        38594.458144005534        51264.576874958184        18448.976561742897        28775.071402946400        41445.190133899050       6.63281250000000433E-002  0.49222045898437355        2.4363232421875107     
   33415.272463372428        43741.367304575935        56411.486035528578        18448.976561742897        28775.071402946400        41445.190133899050       7.62327575683593162E-002  0.53434570312500174        2.7325292968749486     
   40361.130391318693        50687.225232522193        63357.343963474850        18448.976561742897        28775.071402946400        41445.190133899050       9.16015625000066863E-002  0.61154945373535297        3.0878933715820311     
   49483.087743361903        59809.182584565409        72479.301315518067        18448.976561742897        28775.071402946400        41445.190133899050       0.11157745361328550       0.74501220703125448        3.6514843749999955     
   61194.214286387010        71520.309127590517        84190.427858543175        18448.976561742897        28775.071402946400        41445.190133899050       0.15933776855477244       0.95915527343749218        4.6286553593207653     
   75943.498897442914        86269.593738646421        98939.712469599064        18448.976561742897        28775.071402946400        41445.190133899050       0.26696823120119462        2.1130663258744256        5.8998674756612548     
   94215.849563742406        104541.94440494591        117212.06313589856        18448.976561742897        28775.071402946400        41445.190133899050        1.1591331098894102        3.6198485516927277        6.9707154760371912     
   116532.09338266221        126858.18822386571        139528.30695481837        18448.976561742897        28775.071402946400        41445.190133899050        2.7911462218150502        5.0787896241362143        8.0754120584707909     
   143448.97656174292        153775.07140294643        166445.19013389907        18448.976561742897        28775.071402946400        41445.190133899050        4.2682510288069206        6.8838583104707736        9.1148844735932126     
   175559.16441868906        185885.25925989257        198555.37799084521        18448.976561742897        28775.071402946400        41445.190133899050        6.4573182441692172        9.0414853395048489        10.219468021261603     
   213491.24138136912        223817.33622257263        236487.45495352527        18448.976561742897        28775.071402946400        41445.190133899050        9.0454075217178396        10.002067901233771        12.907319958846834     
   257909.71098781540        268235.80582901894        280905.92455997155        18448.976561742897        28775.071402946400        41445.190133899050        10.040215766248284        10.358827160492634        10.218518518517101     
   309514.99588622421        319841.09072742774        332511.20945838036        18448.976561742897        28775.071402946400        41445.190133899050        9.9041398033824564        9.5547942386820868        10.070030864196410     
   369043.43783495564        379369.53267615917        392039.65140711179        18448.976561742897        28775.071402946400        41445.190133899050        10.989619341563975        9.0557900853524593        9.6939708719120397     
   437267.29770253383        447593.39254373731        460263.51127468998        18448.976561742897        28775.071402946400        41445.190133899050        10.931265432098419        9.5888463701683531        9.4629012345666279     
   514994.75546764705        525320.85030885052        537990.96903980325        18448.976561742897        28775.071402946400        41445.190133899050        13.111611639990821        12.097976004744147        22.455709838864674     
   603069.91021914675        613396.00506035017        626066.12379130290        18448.976561742897        28775.071402946400        41445.190133899050        16.947351337035748        11.002962962962680        27.669145507812850     
   702372.78015604883        712698.87499725225        725368.99372820498        18448.976561742897        28775.071402946400        41445.190133899050        20.382661646844603        19.108415292026308        30.428960685729958     
   813819.30258753314        824145.39742873656        836815.51615968929        18448.976561742897        28775.071402946400        41445.190133899050        15.148403092295927        11.258803155005092        11.138734567900865     
   938361.33393294329        948687.42877414671        961357.54750509944        18448.976561742897        28775.071402946400        41445.190133899050        19.904976117742731        12.248633533389469        20.091093121093451     
   1076986.6497217864        1087312.7445629900        1099982.8632939425        18448.976561742897        28775.071402946400        41445.190133899050        11.107006172839037        24.236362381826471        13.975478331650812     
   1230718.9445937350        1241045.0394349387        1253715.1581658912        18448.976561742897        28775.071402946400        41445.190133899050        24.453066406248531        23.293652826002337        17.058888299762572     
   1400617.8322986232        1410943.9271398268        1423614.0458707793        18448.976561742897        28775.071402946400        41445.190133899050        25.192202746983529        13.932273548075338        11.189660493824070     
   1587778.8456964518        1598104.9405376555        1610775.0592686080        18448.976561742897        28775.071402946400        41445.190133899050        16.610620744238300        19.396866284002066        30.177653196450613     
   1793333.4367573834        1803659.5315985871        1816329.6503295396        18448.976561742897        28775.071402946400        41445.190133899050        27.670284367508692        15.223684305378324        19.336380004879089     
   2018448.9765617433        2028775.0714029470        2041445.1901338995        18448.976561742897        28775.071402946400        41445.190133899050        15.180741500204439        15.169726562500038        14.948324283644435     
