   18448.976561742897        28775.071402946400        41445.190133899050        18448.976561742897        28775.071402946400        41445.190133899050       1.34027099609338955E-002  0.23968750000000058        1.6090918731689077     
   18450.473191333058        28776.568032536561        41446.686763489211        18448.976561742897        28775.071402946400        41445.190133899050       1.31817626953088952E-002  0.23902343750000060        1.6094793128966924     
   18472.922635185503        28799.017476389006        41469.136207341660        18448.976561742897        28775.071402946400        41445.190133899050       1.33355712890588941E-002  0.23980468750000017        1.6119421386718127     
   18570.203558546094        28896.298399749598        41566.417130702248        18448.976561742897        28775.071402946400        41445.190133899050       1.13706588745119009E-002  0.24216064453125091        1.6211560058593415     
   18832.113736824613        29158.208578028116        41828.327308980763        18448.976561742897        28775.071402946400        41445.190133899050       1.23583984375000948E-002  0.24838867187500080        1.6472127532959024     
   19384.370055594743        29710.464896798247        42380.583627750893        18448.976561742897        28775.071402946400        41445.190133899050       1.30685615539547079E-002  0.23705505371093819        1.7028962707519488     
   20388.608510594084        30714.703351797587        43384.822082750237        18448.976561742897        28775.071402946400        41445.190133899050       1.53879332542441651E-002  0.26058776855467969        1.6284405517578140     
   22042.384207724150        32368.479048927649        45038.597779880300        18448.976561742897        28775.071402946400        41445.190133899050       1.56640624999987640E-002  0.27203369140625311        1.7778959655761839     
   24579.171363050355        34905.266204253858        47575.384935206508        18448.976561742897        28775.071402946400        41445.190133899050       1.72372055053519671E-002  0.29226562500000008        1.8008596038818485     
   28268.363302802034        38594.458144005534        51264.576874958184        18448.976561742897        28775.071402946400        41445.190133899050       1.90698242187456179E-002  0.37263549804687235        1.8890234374999968     
   33415.272463372428        43741.367304575935        56411.486035528578        18448.976561742897        28775.071402946400        41445.190133899050       2.77429199218855102E-002  0.38801818847656339        2.0509368896484554     
   40361.130391318693        50687.225232522193        63357.343963474850        18448.976561742897        28775.071402946400        41445.190133899050       3.37735271453859787E-002  0.42458610534669405        2.3119824218749976     
   49483.087743361903        59809.182584565409        72479.301315518067        18448.976561742897        28775.071402946400        41445.190133899050       4.60400390625350306E-002  0.51261962890624324        2.9021565628052048     
   61194.214286387010        71520.309127590517        84190.427858543175        18448.976561742897        28775.071402946400        41445.190133899050       7.02471923828098255E-002  0.67104614257812112        3.9040946502056415     
   75943.498897442914        86269.593738646421        98939.712469599064        18448.976561742897        28775.071402946400        41445.190133899050       0.14374237060552453        1.5965350740883650        5.3914411299964522     
   94215.849563742406        104541.94440494591        117212.06313589856        18448.976561742897        28775.071402946400        41445.190133899050       0.26982421875000423        3.0753027745628354        6.4569760111833414     
   116532.09338266221        126858.18822386571        139528.30695481837        18448.976561742897        28775.071402946400        41445.190133899050        2.0445516117969293        4.4454316700959042        7.5677932098766538     
   143448.97656174292        153775.07140294643        166445.19013389907        18448.976561742897        28775.071402946400        41445.190133899050        3.5664244208197573        6.3674963920321161        8.7680281207125663     
   175559.16441868906        185885.25925989257        198555.37799084521        18448.976561742897        28775.071402946400        41445.190133899050        5.9668035550979921        7.9615781464327702        9.9301980452661969     
   213491.24138136912        223817.33622257263        236487.45495352527        18448.976561742897        28775.071402946400        41445.190133899050        9.2472246657536292        9.8667795138875771        11.440787037036348     
   257909.71098781540        268235.80582901894        280905.92455997155        18448.976561742897        28775.071402946400        41445.190133899050        10.213143220961168        10.107225651577370        12.128964763373201     
   309514.99588622421        319841.09072742774        332511.20945838036        18448.976561742897        28775.071402946400        41445.190133899050        9.4877872079822421        10.421617941243353        12.454085219477841     
   369043.43783495564        379369.53267615917        392039.65140711179        18448.976561742897        28775.071402946400        41445.190133899050        13.060804205385594        12.827351619081833        10.405504115225227     
   437267.29770253383        447593.39254373731        460263.51127468998        18448.976561742897        28775.071402946400        41445.190133899050        18.369958289405787        11.502288237311234        10.237050040007746     
   514994.75546764705        525320.85030885052        537990.96903980325        18448.976561742897        28775.071402946400        41445.190133899050        19.352091896634160        9.6284272520798737        10.062819969960788     
   603069.91021914675        613396.00506035017        626066.12379130290        18448.976561742897        28775.071402946400        41445.190133899050        21.750549660019416        9.7700656327977153        10.466378600822985     
   702372.78015604883        712698.87499725225        725368.99372820498        18448.976561742897        28775.071402946400        41445.190133899050        15.115202798313540        9.3234127902032640        14.256632564662508     
   813819.30258753314        824145.39742873656        836815.51615968929        18448.976561742897        28775.071402946400        41445.190133899050        14.620231657763753        24.899394514368247        21.087039184565434     
   938361.33393294329        948687.42877414671        961357.54750509944        18448.976561742897        28775.071402946400        41445.190133899050        25.333880895808232        22.767148051019539        16.313957865265710     
   1076986.6497217864        1087312.7445629900        1099982.8632939425        18448.976561742897        28775.071402946400        41445.190133899050        24.682124483334956        26.032450869756847        23.150244750972721     
   1230718.9445937350        1241045.0394349387        1253715.1581658912        18448.976561742897        28775.071402946400        41445.190133899050        16.878178008146431        18.359620690747434        20.956210021430522     
   1400617.8322986232        1410943.9271398268        1423614.0458707793        18448.976561742897        28775.071402946400        41445.190133899050        13.839623555134972        21.433233032223374        20.500467137343723     
   1587778.8456964518        1598104.9405376555        1610775.0592686080        18448.976561742897        28775.071402946400        41445.190133899050        25.394358063919480        22.475106231307983        20.773577562582467     
   1793333.4367573834        1803659.5315985871        1816329.6503295396        18448.976561742897        28775.071402946400        41445.190133899050        24.856753226275334        27.625725152704099        15.324592948460841     
   2018448.9765617433        2028775.0714029470        2041445.1901338995        18448.976561742897        28775.071402946400        41445.190133899050        17.908172462580886        13.727558796507262        18.390839843747791     
