   18448.976561742897        28775.071402946400        41445.190133899050        18448.976561742897        28775.071402946400        41445.190133899050       1.63703918457031245E-003  6.32867431640778966E-002  0.90471191406251594     
   18450.473191333058        28776.568032536561        41446.686763489211        18448.976561742897        28775.071402946400        41445.190133899050       1.96990966796875078E-003  6.31593132019199754E-002  0.90471191406251594     
   18472.922635185503        28799.017476389006        41469.136207341660        18448.976561742897        28775.071402946400        41445.190133899050       1.35894775390625047E-003  6.33752441406385536E-002  0.90604614257812632     
   18570.203558546094        28896.298399749598        41566.417130702248        18448.976561742897        28775.071402946400        41445.190133899050       1.52127265930175832E-003  6.41781616211448691E-002  0.91118652343750361     
   18832.113736824613        29158.208578028116        41828.327308980763        18448.976561742897        28775.071402946400        41445.190133899050       1.87500000000000383E-003  6.20013427734060485E-002  0.92269531250000414     
   19384.370055594743        29710.464896798247        42380.583627750893        18448.976561742897        28775.071402946400        41445.190133899050       1.23046875001223480E-003  6.51171874999998124E-002  0.94855888366699270     
   20388.608510594084        30714.703351797587        43384.822082750237        18448.976561742897        28775.071402946400        41445.190133899050       1.79687500000506222E-003  7.07666015625001560E-002  0.95087402343749705     
   22042.384207724150        32368.479048927649        45038.597779880300        18448.976561742897        28775.071402946400        41445.190133899050       2.93457031249589684E-003  7.29296874999997291E-002   1.0249123382568297     
   24579.171363050355        34905.266204253858        47575.384935206508        18448.976561742897        28775.071402946400        41445.190133899050       2.24517822265663707E-003  7.80517578125124178E-002   1.0608105468749773     
   28268.363302802034        38594.458144005534        51264.576874958184        18448.976561742897        28775.071402946400        41445.190133899050       2.87109374999999995E-003  8.38684082031278810E-002   1.1131113433837920     
   33415.272463372428        43741.367304575935        56411.486035528578        18448.976561742897        28775.071402946400        41445.190133899050       4.01367187500081823E-003  9.35744285583560154E-002   1.1908367824554320     
   40361.130391318693        50687.225232522193        63357.343963474850        18448.976561742897        28775.071402946400        41445.190133899050       4.33593750000143413E-003  0.10797698974609377        1.2945071411132236     
   49483.087743361903        59809.182584565409        72479.301315518067        18448.976561742897        28775.071402946400        41445.190133899050       4.96582031249915429E-003  0.12937181472778997        1.4484642028808488     
   61194.214286387010        71520.309127590517        84190.427858543175        18448.976561742897        28775.071402946400        41445.190133899050       7.60620117187723287E-003  0.16009521484374800        1.7284927368163716     
   75943.498897442914        86269.593738646421        98939.712469599064        18448.976561742897        28775.071402946400        41445.190133899050       1.08734512329193705E-002  0.23943115234370949        3.5506972129344816     
   94215.849563742406        104541.94440494591        117212.06313589856        18448.976561742897        28775.071402946400        41445.190133899050       1.71584510803587248E-002  0.42829620361327603        5.2814875483442298     
   116532.09338266221        126858.18822386571        139528.30695481837        18448.976561742897        28775.071402946400        41445.190133899050       3.27490234375216738E-002   1.8574902567015334        7.3506100278274404     
   143448.97656174292        153775.07140294643        166445.19013389907        18448.976561742897        28775.071402946400        41445.190133899050       0.11396484375001109        3.6326486411180219        8.7679769661636886     
   175559.16441868906        185885.25925989257        198555.37799084521        18448.976561742897        28775.071402946400        41445.190133899050       0.33499954223636697        6.1479675711577748        10.259708933470346     
   213491.24138136912        223817.33622257263        236487.45495352527        18448.976561742897        28775.071402946400        41445.190133899050        4.9026943301320314        7.9654918981482199        11.465126886144967     
   257909.71098781540        268235.80582901894        280905.92455997155        18448.976561742897        28775.071402946400        41445.190133899050        8.0446536351163100        10.977163065842461        13.391712962962000     
   309514.99588622421        319841.09072742774        332511.20945838036        18448.976561742897        28775.071402946400        41445.190133899050        9.2775620141737871        10.278148148147487        11.830424382715535     
   369043.43783495564        379369.53267615917        392039.65140711179        18448.976561742897        28775.071402946400        41445.190133899050        10.100679012344692        9.9619016489480465        11.605365051693427     
   437267.29770253383        447593.39254373731        460263.51127468998        18448.976561742897        28775.071402946400        41445.190133899050        10.423000114308985        9.5727620598985546        10.206203703701417     
   514994.75546764705        525320.85030885052        537990.96903980325        18448.976561742897        28775.071402946400        41445.190133899050        18.772124023439723        21.558847656249551        19.477070312496124     
   603069.91021914675        613396.00506035017        626066.12379130290        18448.976561742897        28775.071402946400        41445.190133899050        14.530371093749096        22.501059570309213        31.835646362304828     
   702372.78015604883        712698.87499725225        725368.99372820498        18448.976561742897        28775.071402946400        41445.190133899050        17.211430664060885        21.639754028315714        22.769921874996999     
   813819.30258753314        824145.39742873656        836815.51615968929        18448.976561742897        28775.071402946400        41445.190133899050        15.904191894530616        21.405742187495814        22.280839843743486     
   938361.33393294329        948687.42877414671        961357.54750509944        18448.976561742897        28775.071402946400        41445.190133899050        16.434746093749183        21.878671874995849        11.095339506172419     
   1076986.6497217864        1087312.7445629900        1099982.8632939425        18448.976561742897        28775.071402946400        41445.190133899050        16.193554687499340        21.644309082028688        22.900839843744372     
   1230718.9445937350        1241045.0394349387        1253715.1581658912        18448.976561742897        28775.071402946400        41445.190133899050        19.563469848630145        21.938671874995798        21.575768432614758     
   1400617.8322986232        1410943.9271398268        1423614.0458707793        18448.976561742897        28775.071402946400        41445.190133899050        20.055898437499255        23.533955078121348        21.489088745112571     
   1587778.8456964518        1598104.9405376555        1610775.0592686080        18448.976561742897        28775.071402946400        41445.190133899050        17.570517578123674        19.800646972652522        22.570264892571767     
   1793333.4367573834        1803659.5315985871        1816329.6503295396        18448.976561742897        28775.071402946400        41445.190133899050        16.953730468748951        13.811049804686336        22.655234374993924     
   2018448.9765617433        2028775.0714029470        2041445.1901338995        18448.976561742897        28775.071402946400        41445.190133899050        14.293437499998923        15.596229248044946        13.453640136718487     
