   18448.976561742897        28775.071402946400        41445.190133899050        18448.976561742897        28775.071402946400        41445.190133899050        6.6239013671875041E-002  0.45242614746093984        2.1592749023437152     
   18450.473191333058        28776.568032536561        41446.686763489211        18448.976561742897        28775.071402946400        41445.190133899050        6.6354446411132834E-002  0.45228839874267812        2.1592749023437152     
   18472.922635185503        28799.017476389006        41469.136207341660        18448.976561742897        28775.071402946400        41445.190133899050        6.5703125000000043E-002  0.45335784912109556        2.1627050781250423     
   18570.203558546094        28896.298399749598        41566.417130702248        18448.976561742897        28775.071402946400        41445.190133899050        6.9971313476562436E-002  0.45761718750001390        2.1730029296875411     
   18832.113736824613        29158.208578028116        41828.327308980763        18448.976561742897        28775.071402946400        41445.190133899050        6.8985366821289057E-002  0.46498908996584343        2.1329687500000039     
   19384.370055594743        29710.464896798247        42380.583627750893        18448.976561742897        28775.071402946400        41445.190133899050        7.3388671874999784E-002  0.46277343750000816        2.0835557556152762     
   20388.608510594084        30714.703351797587        43384.822082750237        18448.976561742897        28775.071402946400        41445.190133899050        7.5065917968759832E-002  0.49442958831787043        2.1859716033935559     
   22042.384207724150        32368.479048927649        45038.597779880300        18448.976561742897        28775.071402946400        41445.190133899050        7.9675140380869508E-002  0.51133499145508599        2.2368147659301911     
   24579.171363050355        34905.266204253858        47575.384935206508        18448.976561742897        28775.071402946400        41445.190133899050        8.6129226684569932E-002  0.54126220703128802        2.5064013671875420     
   28268.363302802034        38594.458144005534        51264.576874958184        18448.976561742897        28775.071402946400        41445.190133899050        9.4279785156249907E-002  0.58080566406249756        2.6564294910430846     
   33415.272463372428        43741.367304575935        56411.486035528578        18448.976561742897        28775.071402946400        41445.190133899050       0.10610948562622438       0.64473129272460805        3.0233764648436736     
   40361.130391318693        50687.225232522193        63357.343963474850        18448.976561742897        28775.071402946400        41445.190133899050       0.12292358398438089       0.75351135253906443        3.4931249999997744     
   49483.087743361903        59809.182584565409        72479.301315518067        18448.976561742897        28775.071402946400        41445.190133899050       0.14445434570312493       0.93870197296142188        4.3384362792968458     
   61194.214286387010        71520.309127590517        84190.427858543175        18448.976561742897        28775.071402946400        41445.190133899050       0.19183635711670011        1.2775527763366870        6.0606787424414543     
   75943.498897442914        86269.593738646421        98939.712469599064        18448.976561742897        28775.071402946400        41445.190133899050       0.35898174285888695        3.6044808277606317        8.6649038470700255     
   94215.849563742406        104541.94440494591        117212.06313589856        18448.976561742897        28775.071402946400        41445.190133899050        2.1258488725995281        5.8928615290634587        10.312637245656182     
   116532.09338266221        126858.18822386571        139528.30695481837        18448.976561742897        28775.071402946400        41445.190133899050        5.1125711233988218        8.4388271604933358        12.719823007162660     
   143448.97656174292        153775.07140294643        166445.19013389907        18448.976561742897        28775.071402946400        41445.190133899050        7.3476793981474602        11.321933227595233        9.4701363168713080     
   175559.16441868906        185885.25925989257        198555.37799084521        18448.976561742897        28775.071402946400        41445.190133899050        10.069104938271664        11.626970164608922        10.971798411063537     
   213491.24138136912        223817.33622257263        236487.45495352527        18448.976561742897        28775.071402946400        41445.190133899050        10.181574074072023        13.149618055554427        12.644053497941776     
   257909.71098781540        268235.80582901894        280905.92455997155        18448.976561742897        28775.071402946400        41445.190133899050        9.3160288065840273        10.205781893002628        16.434814814813251     
   309514.99588622421        319841.09072742774        332511.20945838036        18448.976561742897        28775.071402946400        41445.190133899050        23.398957519527180        10.212890946499998        13.209849537035273     
   369043.43783495564        379369.53267615917        392039.65140711179        18448.976561742897        28775.071402946400        41445.190133899050        27.531127052307063        23.215349121094913        10.125925925924738     
   437267.29770253383        447593.39254373731        460263.51127468998        18448.976561742897        28775.071402946400        41445.190133899050        23.866498413079093        35.209865379333920        36.002262096405047     
   514994.75546764705        525320.85030885052        537990.96903980325        18448.976561742897        28775.071402946400        41445.190133899050        22.085528564446680        22.539298095701238        22.015916137691647     
   603069.91021914675        613396.00506035017        626066.12379130290        18448.976561742897        28775.071402946400        41445.190133899050        15.568718601876533        9.6478408323267928        21.596162109367942     
   702372.78015604883        712698.87499725225        725368.99372820498        18448.976561742897        28775.071402946400        41445.190133899050        38.975745359034342        11.537355967079153        22.940424804683850     
   813819.30258753314        824145.39742873656        836815.51615968929        18448.976561742897        28775.071402946400        41445.190133899050        31.835813598633244        23.930108032221639        22.071249999992983     
   938361.33393294329        948687.42877414671        961357.54750509944        18448.976561742897        28775.071402946400        41445.190133899050        13.780279982549537        21.464794311524329        20.606750488278632     
   1076986.6497217864        1087312.7445629900        1099982.8632939425        18448.976561742897        28775.071402946400        41445.190133899050        20.978505859370209        15.169789207648742        12.268690028269100     
   1230718.9445937350        1241045.0394349387        1253715.1581658912        18448.976561742897        28775.071402946400        41445.190133899050        19.335806884760665        15.883023522428756        23.211246337884084     
   1400617.8322986232        1410943.9271398268        1423614.0458707793        18448.976561742897        28775.071402946400        41445.190133899050        14.365812578954500        32.581830951543040        21.593247070310081     
   1587778.8456964518        1598104.9405376555        1610775.0592686080        18448.976561742897        28775.071402946400        41445.190133899050        14.980104058468667        24.362319754614916        21.169608154292469     
   1793333.4367573834        1803659.5315985871        1816329.6503295396        18448.976561742897        28775.071402946400        41445.190133899050        31.573335748302718        19.888749999994857        16.816560801198403     
   2018448.9765617433        2028775.0714029470        2041445.1901338995        18448.976561742897        28775.071402946400        41445.190133899050        17.476209880599338        19.588565063472789        19.596857910155215     
