   18448.976561742897        28775.071402946400        41445.190133899050        18448.976561742897        28775.071402946400        41445.190133899050       2.19486999511718725E-002  0.14085327148437893       0.79655639648437426     
   18450.473191333058        28776.568032536561        41446.686763489211        18448.976561742897        28775.071402946400        41445.190133899050       2.19956874847412123E-002  0.14085327148437893       0.79655639648437426     
   18472.922635185503        28799.017476389006        41469.136207341660        18448.976561742897        28775.071402946400        41445.190133899050       2.20217895507812469E-002  0.14041870117187893       0.79794555664062439     
   18570.203558546094        28896.298399749598        41566.417130702248        18448.976561742897        28775.071402946400        41445.190133899050       2.23816490173339711E-002  0.14126953125000394       0.80023193359375000     
   18832.113736824613        29158.208578028116        41828.327308980763        18448.976561742897        28775.071402946400        41445.190133899050       2.19035291671752924E-002  0.14423828125000021       0.80725585937501776     
   19384.370055594743        29710.464896798247        42380.583627750893        18448.976561742897        28775.071402946400        41445.190133899050       2.31079101562503553E-002  0.14797149658203146       0.82466430664062629     
   20388.608510594084        30714.703351797587        43384.822082750237        18448.976561742897        28775.071402946400        41445.190133899050       2.36987018585202158E-002  0.15640361785888673       0.85554687499999915     
   22042.384207724150        32368.479048927649        45038.597779880300        18448.976561742897        28775.071402946400        41445.190133899050       2.43188476562553602E-002  0.15984375000000178       0.88487724304199622     
   24579.171363050355        34905.266204253858        47575.384935206508        18448.976561742897        28775.071402946400        41445.190133899050       2.63094329833984120E-002  0.16546394348144500       0.91946906805038386     
   28268.363302802034        38594.458144005534        51264.576874958184        18448.976561742897        28775.071402946400        41445.190133899050       2.81542944908141912E-002  0.17715406715869836       0.95461914062499043     
   33415.272463372428        43741.367304575935        56411.486035528578        18448.976561742897        28775.071402946400        41445.190133899050       3.15189170837407717E-002  0.19391662597656101        1.0256884437799452     
   40361.130391318693        50687.225232522193        63357.343963474850        18448.976561742897        28775.071402946400        41445.190133899050       3.54807874560455830E-002  0.21556152343750101        1.1164898681640567     
   49483.087743361903        59809.182584565409        72479.301315518067        18448.976561742897        28775.071402946400        41445.190133899050       4.12439727783202523E-002  0.24824416816234551        1.2463476562499967     
   61194.214286387010        71520.309127590517        84190.427858543175        18448.976561742897        28775.071402946400        41445.190133899050       5.02754783630371335E-002  0.33541601389646492        1.4690917205810567     
   75943.498897442914        86269.593738646421        98939.712469599064        18448.976561742897        28775.071402946400        41445.190133899050       6.67522287368774447E-002  0.52821805953979528        3.0808307086631914     
   94215.849563742406        104541.94440494591        117212.06313589856        18448.976561742897        28775.071402946400        41445.190133899050       0.59159607924238289        1.5891563207999422        4.7687827086815471     
   116532.09338266221        126858.18822386571        139528.30695481837        18448.976561742897        28775.071402946400        41445.190133899050        1.3574076529512205        3.1743647867970153        6.4779625652638622     
   143448.97656174292        153775.07140294643        166445.19013389907        18448.976561742897        28775.071402946400        41445.190133899050        3.3117494564417345        4.7079137969612086        8.3130447975667199     
   175559.16441868906        185885.25925989257        198555.37799084521        18448.976561742897        28775.071402946400        41445.190133899050        4.9043418462997002        7.7475443490329754        9.7422756511009396     
   213491.24138136912        223817.33622257263        236487.45495352527        18448.976561742897        28775.071402946400        41445.190133899050        8.1760480977918331        9.4563645261777705        11.884586560506389     
   257909.71098781540        268235.80582901894        280905.92455997155        18448.976561742897        28775.071402946400        41445.190133899050        11.261751119225568        12.270674775139899        14.554968733815121     
   309514.99588622421        319841.09072742774        332511.20945838036        18448.976561742897        28775.071402946400        41445.190133899050        14.370875148201355        15.357386141054580        16.161640048757061     
   369043.43783495564        379369.53267615917        392039.65140711179        18448.976561742897        28775.071402946400        41445.190133899050        15.198682914115027        16.401208246600220        18.057098081297411     
   437267.29770253383        447593.39254373731        460263.51127468998        18448.976561742897        28775.071402946400        41445.190133899050        11.888495559435327        21.288005675408343        19.335404707858103     
   514994.75546764705        525320.85030885052        537990.96903980325        18448.976561742897        28775.071402946400        41445.190133899050        23.501114371367812        15.347195908461936        19.335500890134554     
   603069.91021914675        613396.00506035017        626066.12379130290        18448.976561742897        28775.071402946400        41445.190133899050        24.961576405770359        15.181998672410487        8.8112820361481834     
   702372.78015604883        712698.87499725225        725368.99372820498        18448.976561742897        28775.071402946400        41445.190133899050        20.769253143712568        12.238714309707794        9.2772496047186603     
   813819.30258753314        824145.39742873656        836815.51615968929        18448.976561742897        28775.071402946400        41445.190133899050        20.207732751850315        20.103436394278337        23.503671760013123     
   938361.33393294329        948687.42877414671        961357.54750509944        18448.976561742897        28775.071402946400        41445.190133899050        36.002487247872438        19.429266873254271        23.501505360635289     
   1076986.6497217864        1087312.7445629900        1099982.8632939425        18448.976561742897        28775.071402946400        41445.190133899050        23.508651579441253        27.660282828336726        12.675714221153816     
   1230718.9445937350        1241045.0394349387        1253715.1581658912        18448.976561742897        28775.071402946400        41445.190133899050        23.518763057931128        27.669081493383672        35.983560405233291     
   1400617.8322986232        1410943.9271398268        1423614.0458707793        18448.976561742897        28775.071402946400        41445.190133899050        20.563896301970434        27.638227136822369        13.484592685974169     
   1587778.8456964518        1598104.9405376555        1610775.0592686080        18448.976561742897        28775.071402946400        41445.190133899050        21.768016282526236        27.670253954214367        27.406158231864264     
   1793333.4367573834        1803659.5315985871        1816329.6503295396        18448.976561742897        28775.071402946400        41445.190133899050        25.162027849790228        15.367780180728255        40.169023936984701     
   2018448.9765617433        2028775.0714029470        2041445.1901338995        18448.976561742897        28775.071402946400        41445.190133899050        26.767512360040847        32.508573678001909        31.835361678004290     
