   14293.679765729619        23483.033861621527        34697.905635905918        14293.679765729619        23483.033861621527        34697.905635905918        1.3964843749999910E-003   4.3239665031433103E-002  0.17727037906646714     
   14345.741406712543        23535.095502604450        34749.967276888841        14293.679765729619        23483.033861621527        34697.905635905918        1.4810180664062392E-003   4.4707031250000015E-002  0.17774971961975072     
   15126.666021456400        24316.020117348307        35530.891891632695        14293.679765729619        23483.033861621527        34697.905635905918        1.5527343749999378E-003   4.7304687500000275E-002  0.18629394531250032     
   18510.672685346442        27700.026781238354        38914.898555522741        14293.679765729619        23483.033861621527        34697.905635905918        2.1301269531275300E-003   4.5737304687499994E-002  0.22312377929687471     
   27621.459857358106        36810.813953250014        48025.685727534408        14293.679765729619        23483.033861621527        34697.905635905918        2.6545715332029246E-003   7.6188468933102937E-002  0.25749755859376089     
   46832.205380056985        56021.559475948889        67236.431250233290        14293.679765729619        23483.033861621527        34697.905635905918        3.3520507812504195E-003  0.12107555389404180       0.32773620605470333     
   81765.566479598812        90954.920575490731        102169.79234977512        14293.679765729619        23483.033861621527        34697.905635905918        2.3016357421894056E-002  0.87481863711698371        2.1580141978881673     
   139293.67976572964        148483.03386162154        159697.90563590595        14293.679765729619        23483.033861621527        34697.905635905918        2.8886920224623935        4.4202694544467249        5.8172651209150521     
   227538.16123178540        236727.51532767731        247942.38710196171        14293.679765729619        23483.033861621527        34697.905635905918        6.8187610025144032        9.0806995884763246        11.437437414265821     
   355870.10625469248        365059.46035058436        376274.33212486876        14293.679765729619        23483.033861621527        34697.905635905918        11.506005478830424        9.4172427983528113        10.030864197529835     
   534910.08959496743        544099.44369085936        555314.31546514377        14293.679765729619        23483.033861621527        34697.905635905918        11.267674897119607        10.639998078925121        24.653288574215196     
   776528.16539671656        785717.51949260850        796932.39126689290        14293.679765729619        23483.033861621527        34697.905635905918        13.998796181819538        19.755532881919404        34.690838241576557     
   1093843.8671876369        1103033.2212835287        1114248.0930578131        14293.679765729619        23483.033861621527        34697.905635905918        13.858725064050203        21.257539062495056        30.709628626633378     
   1501226.2078790157        1510415.5619749075        1521630.4337491919        14293.679765729619        23483.033861621527        34697.905635905918        21.783849733515144        22.180078582759165        24.810600629884892     
   2014293.6797657302        2023483.0338616220        2034697.9056359064        14293.679765729619        23483.033861621527        34697.905635905918        13.349379882811764        14.549455084744052        22.406918945306970     
