   18448.976561742897        28775.071402946400        41445.190133899050        18448.976561742897        28775.071402946400        41445.190133899050       1.76547161919345108E-004  0.26025770874665621        1.4535531616210982     
   18450.473191333058        28776.568032536561        41446.686763489211        18448.976561742897        28775.071402946400        41445.190133899050       1.76547161919345108E-004  0.26025770874665621        1.4535531616210982     
   18472.922635185503        28799.017476389006        41469.136207341660        18448.976561742897        28775.071402946400        41445.190133899050       1.76547161919345108E-004  0.26025770874665621        1.4542318725585983     
   18570.203558546094        28896.298399749598        41566.417130702248        18448.976561742897        28775.071402946400        41445.190133899050       1.76547161919345108E-004  0.26282171501920870        1.4589047241210880     
   18832.113736824613        29158.208578028116        41828.327308980763        18448.976561742897        28775.071402946400        41445.190133899050       1.76547161919345108E-004  0.26745064209480929        1.4739120385458211     
   19384.370055594743        29710.464896798247        42380.583627750893        18448.976561742897        28775.071402946400        41445.190133899050       9.62095109433333973E-004  0.27772949243087641        1.5042873191833506     
   20388.608510594084        30714.703351797587        43384.822082750237        18448.976561742897        28775.071402946400        41445.190133899050       3.14787175985370773E-004  0.29729311548096576        1.5110532366856926     
   22042.384207724150        32368.479048927649        45038.597779880300        18448.976561742897        28775.071402946400        41445.190133899050        0.0000000000000000       0.28072910167818138        1.5869175097346295     
   24579.171363050355        34905.266204253858        47575.384935206508        18448.976561742897        28775.071402946400        41445.190133899050        0.0000000000000000       0.33201700253295718        1.7412811684608389     
   28268.363302802034        38594.458144005534        51264.576874958184        18448.976561742897        28775.071402946400        41445.190133899050        0.0000000000000000       0.41386958280709235        1.8356103515625117     
   33415.272463372428        43741.367304575935        56411.486035528578        18448.976561742897        28775.071402946400        41445.190133899050       8.62713223961282874E-004  0.50428372439684854        1.9985674950852994     
   40361.130391318693        50687.225232522193        63357.343963474850        18448.976561742897        28775.071402946400        41445.190133899050        0.0000000000000000       0.69207999662683273        2.3008607523795224     
   49483.087743361903        59809.182584565409        72479.301315518067        18448.976561742897        28775.071402946400        41445.190133899050       4.63948374581267097E-004  0.97865348533012408        2.8156878662109319     
   61194.214286387010        71520.309127590517        84190.427858543175        18448.976561742897        28775.071402946400        41445.190133899050        0.0000000000000000        1.5010925443413221        4.2365175500570427     
   75943.498897442914        86269.593738646421        98939.712469599064        18448.976561742897        28775.071402946400        41445.190133899050        0.0000000000000000        2.3615041608007914        5.3650776197343690     
   94215.849563742406        104541.94440494591        117212.06313589856        18448.976561742897        28775.071402946400        41445.190133899050       1.93726512961768819E-003   3.5333403468132012        6.5176405653623970     
   116532.09338266221        126858.18822386571        139528.30695481837        18448.976561742897        28775.071402946400        41445.190133899050       4.67261975888514855E-003   5.1678461992740647        7.9361458428441205     
   143448.97656174292        153775.07140294643        166445.19013389907        18448.976561742897        28775.071402946400        41445.190133899050       1.69684585881092684E-002   8.3534844127632795        9.3855013080143657     
   175559.16441868906        185885.25925989257        198555.37799084521        18448.976561742897        28775.071402946400        41445.190133899050       6.45294700144025124E-002   9.3980208888685262        10.974971194881984     
   213491.24138136912        223817.33622257263        236487.45495352527        18448.976561742897        28775.071402946400        41445.190133899050       0.20765416445623325        11.736538697944610        12.862480621057649     
   257909.71098781540        268235.80582901894        280905.92455997155        18448.976561742897        28775.071402946400        41445.190133899050       0.99566481315245747        13.836684767554262        14.807445946952225     
   309514.99588622421        319841.09072742774        332511.20945838036        18448.976561742897        28775.071402946400        41445.190133899050        1.7934653518355472        15.796870670374608        16.523096411440488     
   369043.43783495564        379369.53267615917        392039.65140711179        18448.976561742897        28775.071402946400        41445.190133899050        5.3071098604798213        19.052748378378503        18.803398675474366     
   437267.29770253383        447593.39254373731        460263.51127468998        18448.976561742897        28775.071402946400        41445.190133899050        11.858349078627802        20.429947176631938        20.271152187125331     
   514994.75546764705        525320.85030885052        537990.96903980325        18448.976561742897        28775.071402946400        41445.190133899050        16.618720605794802        22.033776029850188        22.188495989214005     
   603069.91021914675        613396.00506035017        626066.12379130290        18448.976561742897        28775.071402946400        41445.190133899050        20.692249728837815        23.932437761230457        23.987846056464448     
   702372.78015604883        712698.87499725225        725368.99372820498        18448.976561742897        28775.071402946400        41445.190133899050        23.838782767618934        26.878413788491393        26.630728080251608     
   813819.30258753314        824145.39742873656        836815.51615968929        18448.976561742897        28775.071402946400        41445.190133899050        25.751232663040692        28.701187711544218        28.147356123869130     
   938361.33393294329        948687.42877414671        961357.54750509944        18448.976561742897        28775.071402946400        41445.190133899050        27.669534276713513        31.835673833282552        28.447655632110241     
   1076986.6497217864        1087312.7445629900        1099982.8632939425        18448.976561742897        28775.071402946400        41445.190133899050        31.267279560154485        33.039774211957599        32.208396610264252     
   1230718.9445937350        1241045.0394349387        1253715.1581658912        18448.976561742897        28775.071402946400        41445.190133899050        33.135161569690766        35.143753963487107        35.419554667617831     
   1400617.8322986232        1410943.9271398268        1423614.0458707793        18448.976561742897        28775.071402946400        41445.190133899050        35.879934299019709        36.002184056207668        36.693864009711291     
   1587778.8456964518        1598104.9405376555        1610775.0592686080        18448.976561742897        28775.071402946400        41445.190133899050        33.471030379023958        36.000397718866552        36.002837881663787     
   1793333.4367573834        1803659.5315985871        1816329.6503295396        18448.976561742897        28775.071402946400        41445.190133899050        31.834779069786642        31.835814006034440        33.135960559086804     
   2018448.9765617433        2028775.0714029470        2041445.1901338995        18448.976561742897        28775.071402946400        41445.190133899050        31.836158905417104        30.216569519081240        31.990938806666865     
