   18448.976561742897        28775.071402946400        41445.190133899050        18448.976561742897        28775.071402946400        41445.190133899050       3.60766601562500233E-002  0.22175781250000093        1.2646691894531126     
   18450.473191333058        28776.568032536561        41446.686763489211        18448.976561742897        28775.071402946400        41445.190133899050       3.60766601562500233E-002  0.22175781250000093        1.2636920166015495     
   18472.922635185503        28799.017476389006        41469.136207341660        18448.976561742897        28775.071402946400        41445.190133899050       3.67460632324218828E-002  0.22328124999999940        1.2649658203124869     
   18570.203558546094        28896.298399749598        41566.417130702248        18448.976561742897        28775.071402946400        41445.190133899050       3.62695312499999936E-002  0.22459960937500123        1.2720507812499835     
   18832.113736824613        29158.208578028116        41828.327308980763        18448.976561742897        28775.071402946400        41445.190133899050       3.69482421875000078E-002  0.22837837219238921        1.2897460937499878     
   19384.370055594743        29710.464896798247        42380.583627750893        18448.976561742897        28775.071402946400        41445.190133899050       4.00024414062500056E-002  0.23639968872072364        1.3242590332031292     
   20388.608510594084        30714.703351797587        43384.822082750237        18448.976561742897        28775.071402946400        41445.190133899050       3.93360900878985328E-002  0.25405364990234569        1.3454298019409192     
   22042.384207724150        32368.479048927649        45038.597779880300        18448.976561742897        28775.071402946400        41445.190133899050       4.25800323486322518E-002  0.26260742187499930        1.3923449707031241     
   24579.171363050355        34905.266204253858        47575.384935206508        18448.976561742897        28775.071402946400        41445.190133899050       4.60125732421874517E-002  0.27725524902344317        1.5624897766113333     
   28268.363302802034        38594.458144005534        51264.576874958184        18448.976561742897        28775.071402946400        41445.190133899050       5.10742187500009617E-002  0.29851562500000794        1.6626879882812529     
   33415.272463372428        43741.367304575935        56411.486035528578        18448.976561742897        28775.071402946400        41445.190133899050       5.84666442871275283E-002  0.33020217895507870        1.8206274414062409     
   40361.130391318693        50687.225232522193        63357.343963474850        18448.976561742897        28775.071402946400        41445.190133899050       6.62500000000017242E-002  0.38386962890624787        2.0835815429688207     
   49483.087743361903        59809.182584565409        72479.301315518067        18448.976561742897        28775.071402946400        41445.190133899050       7.72521972656321082E-002  0.47747375488280752        2.5639892578124690     
   61194.214286387010        71520.309127590517        84190.427858543175        18448.976561742897        28775.071402946400        41445.190133899050       9.34094238281246575E-002  0.64955863952635995        3.8574457137822034     
   75943.498897442914        86269.593738646421        98939.712469599064        18448.976561742897        28775.071402946400        41445.190133899050       0.14885742187500223        1.3952609525034958        5.1911351165978541     
   94215.849563742406        104541.94440494591        117212.06313589856        18448.976561742897        28775.071402946400        41445.190133899050       0.99358702078335570        2.5868218003401231        6.7653867312526126     
   116532.09338266221        126858.18822386571        139528.30695481837        18448.976561742897        28775.071402946400        41445.190133899050        2.7207458669123867        4.1951633230453274        7.1853304564849205     
   143448.97656174292        153775.07140294643        166445.19013389907        18448.976561742897        28775.071402946400        41445.190133899050        4.5973651254216108        6.0341784907961777        9.0087705761306669     
   175559.16441868906        185885.25925989257        198555.37799084521        18448.976561742897        28775.071402946400        41445.190133899050        6.4997119341560490        7.7140549982839568        11.105477251943364     
   213491.24138136912        223817.33622257263        236487.45495352527        18448.976561742897        28775.071402946400        41445.190133899050        9.1538447359382378        9.5682407407394585        12.216982167351457     
   257909.71098781540        268235.80582901894        280905.92455997155        18448.976561742897        28775.071402946400        41445.190133899050        9.2578825477558340        10.092530864195988        12.181084104937010     
   309514.99588622421        319841.09072742774        332511.20945838036        18448.976561742897        28775.071402946400        41445.190133899050        10.107149573340962        9.9060806305975326        10.479567901232343     
   369043.43783495564        379369.53267615917        392039.65140711179        18448.976561742897        28775.071402946400        41445.190133899050        12.313130077796806        9.6481139974835326        10.707283950613865     
   437267.29770253383        447593.39254373731        460263.51127468998        18448.976561742897        28775.071402946400        41445.190133899050        10.914866255143727        9.0382900853524397        9.7902418727437386     
   514994.75546764705        525320.85030885052        537990.96903980325        18448.976561742897        28775.071402946400        41445.190133899050        9.7591230852762401        9.3057914366203089        27.668672065734867     
   603069.91021914675        613396.00506035017        626066.12379130290        18448.976561742897        28775.071402946400        41445.190133899050        9.2905942786911062        31.835801467895521        22.314771118158735     
   702372.78015604883        712698.87499725225        725368.99372820498        18448.976561742897        28775.071402946400        41445.190133899050        12.629636209780408        28.570332756041193        27.669877929687303     
   813819.30258753314        824145.39742873656        836815.51615968929        18448.976561742897        28775.071402946400        41445.190133899050        31.835745239257150        33.694940411951372        31.835615539550346     
   938361.33393294329        948687.42877414671        961357.54750509944        18448.976561742897        28775.071402946400        41445.190133899050        23.503830566396090        9.7974975708724923        38.397348632812296     
   1076986.6497217864        1087312.7445629900        1099982.8632939425        18448.976561742897        28775.071402946400        41445.190133899050        12.076050537935933        31.830753325787743        22.380557250975343     
   1230718.9445937350        1241045.0394349387        1253715.1581658912        18448.976561742897        28775.071402946400        41445.190133899050        14.726259473405799        40.168786621095762        44.356599561885140     
   1400617.8322986232        1410943.9271398268        1423614.0458707793        18448.976561742897        28775.071402946400        41445.190133899050        26.740937499998680        11.002703909482836        15.169705694267511     
   1587778.8456964518        1598104.9405376555        1610775.0592686080        18448.976561742897        28775.071402946400        41445.190133899050        27.669264984120488        11.002530416227607        15.169119188381094     
   1793333.4367573834        1803659.5315985871        1816329.6503295396        18448.976561742897        28775.071402946400        41445.190133899050        10.785216049382020        11.002866212228755        10.822932098765090     
   2018448.9765617433        2028775.0714029470        2041445.1901338995        18448.976561742897        28775.071402946400        41445.190133899050        6.8363964843749550        11.002501831055536        6.8358007812497981     
