   18448.976561742897        28775.071402946400        41445.190133899050        18448.976561742897        28775.071402946400        41445.190133899050       1.98170471191406253E-002  0.14109313964844877       0.90471191406251594     
   18450.473191333058        28776.568032536561        41446.686763489211        18448.976561742897        28775.071402946400        41445.190133899050       1.98697853088378937E-002  0.14109313964844877       0.90471191406251594     
   18472.922635185503        28799.017476389006        41469.136207341660        18448.976561742897        28775.071402946400        41445.190133899050       1.98432922363281222E-002  0.14112045288088024       0.90604614257812632     
   18570.203558546094        28896.298399749598        41566.417130702248        18448.976561742897        28775.071402946400        41445.190133899050       1.94970703125000068E-002  0.13640747070312861       0.91118652343750361     
   18832.113736824613        29158.208578028116        41828.327308980763        18448.976561742897        28775.071402946400        41445.190133899050       2.00668334960937556E-002  0.13714843749999925       0.92269531250000414     
   19384.370055594743        29710.464896798247        42380.583627750893        18448.976561742897        28775.071402946400        41445.190133899050       2.13134765624999924E-002  0.14353515625000013       0.94855888366699270     
   20388.608510594084        30714.703351797587        43384.822082750237        18448.976561742897        28775.071402946400        41445.190133899050       2.29882812500103312E-002  0.15385742187500007       0.95087402343749705     
   22042.384207724150        32368.479048927649        45038.597779880300        18448.976561742897        28775.071402946400        41445.190133899050       2.20666503906245676E-002  0.15928268432617190        1.0249123382568297     
   24579.171363050355        34905.266204253858        47575.384935206508        18448.976561742897        28775.071402946400        41445.190133899050       2.49316406250000150E-002  0.16757806777955120        1.0608105468749773     
   28268.363302802034        38594.458144005534        51264.576874958184        18448.976561742897        28775.071402946400        41445.190133899050       2.74707031250009254E-002  0.17991333007811916        1.1131113433837920     
   33415.272463372428        43741.367304575935        56411.486035528578        18448.976561742897        28775.071402946400        41445.190133899050       3.04455947876163292E-002  0.20020782470702569        1.1908367824554320     
   40361.130391318693        50687.225232522193        63357.343963474850        18448.976561742897        28775.071402946400        41445.190133899050       3.50457000732439169E-002  0.23070556640626602        1.2945071411132236     
   49483.087743361903        59809.182584565409        72479.301315518067        18448.976561742897        28775.071402946400        41445.190133899050       4.11474609374994083E-002  0.28289413452148193        1.4484642028808488     
   61194.214286387010        71520.309127590517        84190.427858543175        18448.976561742897        28775.071402946400        41445.190133899050       5.06518554687508393E-002  0.37351013183596549        1.7284927368163716     
   75943.498897442914        86269.593738646421        98939.712469599064        18448.976561742897        28775.071402946400        41445.190133899050       6.55609512329096977E-002  0.56640624999999556        3.5506972129344816     
   94215.849563742406        104541.94440494591        117212.06313589856        18448.976561742897        28775.071402946400        41445.190133899050       0.11597530364990244       0.89048065185548042        5.2814875483442298     
   116532.09338266221        126858.18822386571        139528.30695481837        18448.976561742897        28775.071402946400        41445.190133899050        1.0829258026834585        2.4205497447035662        7.3506100278274404     
   143448.97656174292        153775.07140294643        166445.19013389907        18448.976561742897        28775.071402946400        41445.190133899050        3.2118301303690533        5.0919505648919428        8.7679769661636886     
   175559.16441868906        185885.25925989257        198555.37799084521        18448.976561742897        28775.071402946400        41445.190133899050        5.2197139584282004        7.3215109882255964        10.259708933470346     
   213491.24138136912        223817.33622257263        236487.45495352527        18448.976561742897        28775.071402946400        41445.190133899050        7.3111608367628618        10.093460648146477        11.465126886144967     
   257909.71098781540        268235.80582901894        280905.92455997155        18448.976561742897        28775.071402946400        41445.190133899050        9.8583028978039717        10.210864197529920        13.391712962962000     
   309514.99588622421        319841.09072742774        332511.20945838036        18448.976561742897        28775.071402946400        41445.190133899050        8.9062942005784898        10.200092592590918        11.830424382715535     
   369043.43783495564        379369.53267615917        392039.65140711179        18448.976561742897        28775.071402946400        41445.190133899050        10.441120766756576        10.320987011316117        11.605365051693427     
   437267.29770253383        447593.39254373731        460263.51127468998        18448.976561742897        28775.071402946400        41445.190133899050        11.951998638489536        9.4477777777774907        10.206203703701417     
   514994.75546764705        525320.85030885052        537990.96903980325        18448.976561742897        28775.071402946400        41445.190133899050        11.047582304527285        22.956741943357965        19.477070312496124     
   603069.91021914675        613396.00506035017        626066.12379130290        18448.976561742897        28775.071402946400        41445.190133899050        19.335703124998297        30.438850097655248        31.835646362304828     
   702372.78015604883        712698.87499725225        725368.99372820498        18448.976561742897        28775.071402946400        41445.190133899050        11.139907407406252        13.405080027354085        22.769921874996999     
   813819.30258753314        824145.39742873656        836815.51615968929        18448.976561742897        28775.071402946400        41445.190133899050        17.053945569392155        11.101934156378698        22.280839843743486     
   938361.33393294329        948687.42877414671        961357.54750509944        18448.976561742897        28775.071402946400        41445.190133899050        22.656972098925198        12.615066228051697        11.095339506172419     
   1076986.6497217864        1087312.7445629900        1099982.8632939425        18448.976561742897        28775.071402946400        41445.190133899050        14.216461298661367        13.052573947661546        22.900839843744372     
   1230718.9445937350        1241045.0394349387        1253715.1581658912        18448.976561742897        28775.071402946400        41445.190133899050        27.669114990234021        27.669165782195318        21.575768432614758     
   1400617.8322986232        1410943.9271398268        1423614.0458707793        18448.976561742897        28775.071402946400        41445.190133899050        14.260807789450894        11.059290123457682        21.489088745112571     
   1587778.8456964518        1598104.9405376555        1610775.0592686080        18448.976561742897        28775.071402946400        41445.190133899050        13.589286851203751        20.518197809115485        22.570264892571767     
   1793333.4367573834        1803659.5315985871        1816329.6503295396        18448.976561742897        28775.071402946400        41445.190133899050        14.986369490564883        11.071872427982312        22.655234374993924     
   2018448.9765617433        2028775.0714029470        2041445.1901338995        18448.976561742897        28775.071402946400        41445.190133899050        17.077645517754906        19.247970393232499        13.453640136718487     
