   18448.976561742897        28775.071402946400        41445.190133899050        18448.976561742897        28775.071402946400        41445.190133899050       1.55664062500000203E-002  0.11643753051762894       0.77796875000000620     
   18450.473191333058        28776.568032536561        41446.686763489211        18448.976561742897        28775.071402946400        41445.190133899050       1.55664062500000203E-002  0.11648330688481640       0.77808563232422490     
   18472.922635185503        28799.017476389006        41469.136207341660        18448.976561742897        28775.071402946400        41445.190133899050       1.57812500000000244E-002  0.11603881835942531       0.77913574218750692     
   18570.203558546094        28896.298399749598        41566.417130702248        18448.976561742897        28775.071402946400        41445.190133899050       1.49922561645507799E-002  0.11298828125000064       0.78430419921873762     
   18832.113736824613        29158.208578028116        41828.327308980763        18448.976561742897        28775.071402946400        41445.190133899050       1.43676757812500003E-002  0.11439147949218721       0.79350219726564353     
   19384.370055594743        29710.464896798247        42380.583627750893        18448.976561742897        28775.071402946400        41445.190133899050       1.63021278381347626E-002  0.11863281250000018       0.81632324218750341     
   20388.608510594084        30714.703351797587        43384.822082750237        18448.976561742897        28775.071402946400        41445.190133899050       1.58398437500103240E-002  0.12711307525634763       0.82673152923583082     
   22042.384207724150        32368.479048927649        45038.597779880300        18448.976561742897        28775.071402946400        41445.190133899050       1.74627685546876674E-002  0.13093749999999960       0.89156249999998816     
   24579.171363050355        34905.266204253858        47575.384935206508        18448.976561742897        28775.071402946400        41445.190133899050       1.90191650390625008E-002  0.13797851562500979       0.91637023925780703     
   28268.363302802034        38594.458144005534        51264.576874958184        18448.976561742897        28775.071402946400        41445.190133899050       2.11457824707126964E-002  0.14833953857421484       0.95837280273436509     
   33415.272463372428        43741.367304575935        56411.486035528578        18448.976561742897        28775.071402946400        41445.190133899050       2.37045288086124226E-002  0.16548034667968184        1.0279071807861293     
   40361.130391318693        50687.225232522193        63357.343963474850        18448.976561742897        28775.071402946400        41445.190133899050       2.71730232238786423E-002  0.19014648437500070        1.1178436279296897     
   49483.087743361903        59809.182584565409        72479.301315518067        18448.976561742897        28775.071402946400        41445.190133899050       3.18725585937585099E-002  0.22843749999999996        1.2461553192138513     
   61194.214286387010        71520.309127590517        84190.427858543175        18448.976561742897        28775.071402946400        41445.190133899050       3.98535156249961858E-002  0.30117065429687118        1.4651562500000028     
   75943.498897442914        86269.593738646421        98939.712469599064        18448.976561742897        28775.071402946400        41445.190133899050       5.30990600585885750E-002  0.45772552490234253        2.3752832031249405     
   94215.849563742406        104541.94440494591        117212.06313589856        18448.976561742897        28775.071402946400        41445.190133899050       8.73730468750000266E-002  0.72683349609374226        4.5418819896931231     
   116532.09338266221        126858.18822386571        139528.30695481837        18448.976561742897        28775.071402946400        41445.190133899050       0.86134698645401608        2.8757995071492668        6.3742409440609542     
   143448.97656174292        153775.07140294643        166445.19013389907        18448.976561742897        28775.071402946400        41445.190133899050        2.7670236768404499        4.2601936156824856        8.0032437414261661     
   175559.16441868906        185885.25925989257        198555.37799084521        18448.976561742897        28775.071402946400        41445.190133899050        4.4895287732429034        6.5688343049835654        9.9544943129847834     
   213491.24138136912        223817.33622257263        236487.45495352527        18448.976561742897        28775.071402946400        41445.190133899050        6.6389814814811734        7.5646797839494813        11.143834019203805     
   257909.71098781540        268235.80582901894        280905.92455997155        18448.976561742897        28775.071402946400        41445.190133899050        9.5286115397791935        9.7943518518516406        12.954525034293027     
   309514.99588622421        319841.09072742774        332511.20945838036        18448.976561742897        28775.071402946400        41445.190133899050        8.9724155997569621        10.019074074073353        11.387498713990253     
   369043.43783495564        379369.53267615917        392039.65140711179        18448.976561742897        28775.071402946400        41445.190133899050        10.386995252353779        9.1500308641967703        11.727803323298373     
   437267.29770253383        447593.39254373731        460263.51127468998        18448.976561742897        28775.071402946400        41445.190133899050        12.137369008859068        9.5922642318235631        10.266309299266659     
   514994.75546764705        525320.85030885052        537990.96903980325        18448.976561742897        28775.071402946400        41445.190133899050        10.973621399177567        9.8963733857695839        9.2497373685405311     
   603069.91021914675        613396.00506035017        626066.12379130290        18448.976561742897        28775.071402946400        41445.190133899050        10.016386459761547        27.669053459167202        25.764342041010067     
   702372.78015604883        712698.87499725225        725368.99372820498        18448.976561742897        28775.071402946400        41445.190133899050        11.216529492454590        13.218389355200870        22.973043212888520     
   813819.30258753314        824145.39742873656        836815.51615968929        18448.976561742897        28775.071402946400        41445.190133899050        20.293376434454295        22.514577026360868        21.959304199211974     
   938361.33393294329        948687.42877414671        961357.54750509944        18448.976561742897        28775.071402946400        41445.190133899050        19.521285852544771        7.5095082635371968        11.406049382716699     
   1076986.6497217864        1087312.7445629900        1099982.8632939425        18448.976561742897        28775.071402946400        41445.190133899050        17.501696640889101        6.8356941087006255        22.389160156245769     
   1230718.9445937350        1241045.0394349387        1253715.1581658912        18448.976561742897        28775.071402946400        41445.190133899050        17.412890162370704        15.544929127465522        22.376837768549763     
   1400617.8322986232        1410943.9271398268        1423614.0458707793        18448.976561742897        28775.071402946400        41445.190133899050        18.287782031834002        22.254669709862522        25.721843261716820     
   1587778.8456964518        1598104.9405376555        1610775.0592686080        18448.976561742897        28775.071402946400        41445.190133899050        18.946943444496380        22.094426610608892        22.597939453121196     
   1793333.4367573834        1803659.5315985871        1816329.6503295396        18448.976561742897        28775.071402946400        41445.190133899050        27.981794728354981        15.169136047363761        21.786057128903764     
   2018448.9765617433        2028775.0714029470        2041445.1901338995        18448.976561742897        28775.071402946400        41445.190133899050        19.336259765625712        14.642262040847156        14.377110595701216     
