   18448.976561742897        28775.071402946400        41445.190133899050        18448.976561742897        28775.071402946400        41445.190133899050       1.44628906249993760E-002  0.18958953857421951        1.3672686767577984     
   18450.473191333058        28776.568032536561        41446.686763489211        18448.976561742897        28775.071402946400        41445.190133899050       1.44628906249993760E-002  0.18970458984375071        1.3672149658202986     
   18472.922635185503        28799.017476389006        41469.136207341660        18448.976561742897        28775.071402946400        41445.190133899050       1.48829841613763152E-002  0.18954833984375116        1.3692500209808289     
   18570.203558546094        28896.298399749598        41566.417130702248        18448.976561742897        28775.071402946400        41445.190133899050       1.57080078125013123E-002  0.19150329589843787        1.3777282714843793     
   18832.113736824613        29158.208578028116        41828.327308980763        18448.976561742897        28775.071402946400        41445.190133899050       1.58384323120195694E-002  0.19567565917968791        1.3995299148559495     
   19384.370055594743        29710.464896798247        42380.583627750893        18448.976561742897        28775.071402946400        41445.190133899050       1.76318359375000761E-002  0.20676269531250097        1.3578124999999508     
   20388.608510594084        30714.703351797587        43384.822082750237        18448.976561742897        28775.071402946400        41445.190133899050       1.75048542022698678E-002  0.20656127929687496        1.3168359374999912     
   22042.384207724150        32368.479048927649        45038.597779880300        18448.976561742897        28775.071402946400        41445.190133899050       1.81445312499998110E-002  0.21026110172271306        1.4400927734374509     
   24579.171363050355        34905.266204253858        47575.384935206508        18448.976561742897        28775.071402946400        41445.190133899050       2.42260742187492828E-002  0.25238033294677675        1.4925524139404089     
   28268.363302802034        38594.458144005534        51264.576874958184        18448.976561742897        28775.071402946400        41445.190133899050       2.57147216797635990E-002  0.27304986953734889        1.5835156249999853     
   33415.272463372428        43741.367304575935        56411.486035528578        18448.976561742897        28775.071402946400        41445.190133899050       2.91430664062442661E-002  0.29547634124756239        1.9683526611328079     
   40361.130391318693        50687.225232522193        63357.343963474850        18448.976561742897        28775.071402946400        41445.190133899050       3.67097663879499062E-002  0.33931396484375687        2.2654205322265710     
   49483.087743361903        59809.182584565409        72479.301315518067        18448.976561742897        28775.071402946400        41445.190133899050       4.73045349121101605E-002  0.41936473846435218        2.8951098632813035     
   61194.214286387010        71520.309127590517        84190.427858543175        18448.976561742897        28775.071402946400        41445.190133899050       6.77758789062571920E-002  0.56005981445313580        3.7079571640184010     
   75943.498897442914        86269.593738646421        98939.712469599064        18448.976561742897        28775.071402946400        41445.190133899050       0.13004882812499996        1.2729415622382334        4.8961688028682540     
   94215.849563742406        104541.94440494591        117212.06313589856        18448.976561742897        28775.071402946400        41445.190133899050       0.25404296875000032        2.3784565311357300        6.1238382969678211     
   116532.09338266221        126858.18822386571        139528.30695481837        18448.976561742897        28775.071402946400        41445.190133899050        2.2077759202104237        4.1515906850140043        7.1220269434598560     
   143448.97656174292        153775.07140294643        166445.19013389907        18448.976561742897        28775.071402946400        41445.190133899050        3.6106361454047389        6.0531715106298831        8.7217995541827076     
   175559.16441868906        185885.25925989257        198555.37799084521        18448.976561742897        28775.071402946400        41445.190133899050        5.8668347050748437        7.6859582904660106        10.891696209132746     
   213491.24138136912        223817.33622257263        236487.45495352527        18448.976561742897        28775.071402946400        41445.190133899050        8.4151528767241697        9.5561406892994842        12.009755658436511     
   257909.71098781540        268235.80582901894        280905.92455997155        18448.976561742897        28775.071402946400        41445.190133899050        9.8616088346480577        10.065754458161223        11.451604938270737     
   309514.99588622421        319841.09072742774        332511.20945838036        18448.976561742897        28775.071402946400        41445.190133899050        9.5298218766542728        10.239066500913850        12.112777777776854     
   369043.43783495564        379369.53267615917        392039.65140711179        18448.976561742897        28775.071402946400        41445.190133899050        13.285715697097968        9.4606324302690261        10.042078189300357     
   437267.29770253383        447593.39254373731        460263.51127468998        18448.976561742897        28775.071402946400        41445.190133899050        13.743984346938845        9.1784533607682874        10.541988311613077     
   514994.75546764705        525320.85030885052        537990.96903980325        18448.976561742897        28775.071402946400        41445.190133899050        19.762534598736352        12.696307286462741        9.4576900434376956     
   603069.91021914675        613396.00506035017        626066.12379130290        18448.976561742897        28775.071402946400        41445.190133899050        21.667681417690311        9.5583256869762021        10.301893333554967     
   702372.78015604883        712698.87499725225        725368.99372820498        18448.976561742897        28775.071402946400        41445.190133899050        12.464137648615758        9.5742661946671515        13.788900677002065     
   813819.30258753314        824145.39742873656        836815.51615968929        18448.976561742897        28775.071402946400        41445.190133899050        20.669750479468323        19.339767502853448        30.113703613281725     
   938361.33393294329        948687.42877414671        961357.54750509944        18448.976561742897        28775.071402946400        41445.190133899050        14.815097622147709        16.593055472569862        15.092467592207306     
   1076986.6497217864        1087312.7445629900        1099982.8632939425        18448.976561742897        28775.071402946400        41445.190133899050        24.670170573752653        24.846233989325484        22.589301757809480     
   1230718.9445937350        1241045.0394349387        1253715.1581658912        18448.976561742897        28775.071402946400        41445.190133899050        19.947072599090131        24.172738284161863        22.471909179683294     
   1400617.8322986232        1410943.9271398268        1423614.0458707793        18448.976561742897        28775.071402946400        41445.190133899050        21.184884697966346        25.228053772816278        26.194083460251548     
   1587778.8456964518        1598104.9405376555        1610775.0592686080        18448.976561742897        28775.071402946400        41445.190133899050        22.361232057115839        21.689032707031423        40.169107208253138     
   1793333.4367573834        1803659.5315985871        1816329.6503295396        18448.976561742897        28775.071402946400        41445.190133899050        25.948170385497075        20.892302823085238        15.464915307855769     
   2018448.9765617433        2028775.0714029470        2041445.1901338995        18448.976561742897        28775.071402946400        41445.190133899050        14.529494226030584        16.748437896914972        13.261136474607405     
