   18448.976561742897        28775.071402946400        41445.190133899050        18448.976561742897        28775.071402946400        41445.190133899050       2.34375000000000208E-002  0.15301334381105722       0.90072677612306840     
   18450.473191333058        28776.568032536561        41446.686763489211        18448.976561742897        28775.071402946400        41445.190133899050       2.34375000000000208E-002  0.15297238349916759       0.90016235351564666     
   18472.922635185503        28799.017476389006        41469.136207341660        18448.976561742897        28775.071402946400        41445.190133899050       2.34375000000000208E-002  0.15331766128542246       0.90177444458007971     
   18570.203558546094        28896.298399749598        41566.417130702248        18448.976561742897        28775.071402946400        41445.190133899050       2.31491088867187486E-002  0.14750976562500590       0.90591552734376590     
   18832.113736824613        29158.208578028116        41828.327308980763        18448.976561742897        28775.071402946400        41445.190133899050       2.37585449218749717E-002  0.15027343749999963       0.94377197265631363     
   19384.370055594743        29710.464896798247        42380.583627750893        18448.976561742897        28775.071402946400        41445.190133899050       2.50507736206054751E-002  0.15576171875000056       0.94341308593749384     
   20388.608510594084        30714.703351797587        43384.822082750237        18448.976561742897        28775.071402946400        41445.190133899050       2.59876632690530934E-002  0.16729492187500006       0.94449081420896575     
   22042.384207724150        32368.479048927649        45038.597779880300        18448.976561742897        28775.071402946400        41445.190133899050       2.75878906249990181E-002  0.17276062011718743        1.0182421874999776     
   24579.171363050355        34905.266204253858        47575.384935206508        18448.976561742897        28775.071402946400        41445.190133899050       2.98632812500000226E-002  0.18189453125001079        1.0571777343749948     
   28268.363302802034        38594.458144005534        51264.576874958184        18448.976561742897        28775.071402946400        41445.190133899050       3.25738525390722386E-002  0.19479370117187472        1.1186141967773464     
   33415.272463372428        43741.367304575935        56411.486035528578        18448.976561742897        28775.071402946400        41445.190133899050       3.64125967025943562E-002  0.21774169921875702        1.2111914062499767     
   40361.130391318693        50687.225232522193        63357.343963474850        18448.976561742897        28775.071402946400        41445.190133899050       4.09863281250017336E-002  0.25670410156251167        1.3432910156249824     
   49483.087743361903        59809.182584565409        72479.301315518067        18448.976561742897        28775.071402946400        41445.190133899050       4.97351074218725653E-002  0.32341140747070185        1.5683776855468960     
   61194.214286387010        71520.309127590517        84190.427858543175        18448.976561742897        28775.071402946400        41445.190133899050       6.19726562500074740E-002  0.44923095703126054        2.5429212748628478     
   75943.498897442914        86269.593738646421        98939.712469599064        18448.976561742897        28775.071402946400        41445.190133899050       0.10088256835937556       0.98207706404310058        3.6239836248282868     
   94215.849563742406        104541.94440494591        117212.06313589856        18448.976561742897        28775.071402946400        41445.190133899050       0.79213797082194204        1.9870011895576183        5.0583589016774422     
   116532.09338266221        126858.18822386571        139528.30695481837        18448.976561742897        28775.071402946400        41445.190133899050        1.7335827653464631        3.4780230838478596        6.4471259680784181     
   143448.97656174292        153775.07140294643        166445.19013389907        18448.976561742897        28775.071402946400        41445.190133899050        3.5113084062070614        4.7966825115576563        7.0480977556772109     
   175559.16441868906        185885.25925989257        198555.37799084521        18448.976561742897        28775.071402946400        41445.190133899050        5.0415191250062881        6.8460880344071793        8.7888846021938090     
   213491.24138136912        223817.33622257263        236487.45495352527        18448.976561742897        28775.071402946400        41445.190133899050        6.7397376543204075        7.6490419238684959        10.751314300411224     
   257909.71098781540        268235.80582901894        280905.92455997155        18448.976561742897        28775.071402946400        41445.190133899050        8.5447085048010170        10.039506172838310        12.807145061727175     
   309514.99588622421        319841.09072742774        332511.20945838036        18448.976561742897        28775.071402946400        41445.190133899050        8.8346995503734700        10.150531550067795        11.615630144033428     
   369043.43783495564        379369.53267615917        392039.65140711179        18448.976561742897        28775.071402946400        41445.190133899050        10.419114593916841        10.309567258230445        10.241388888887297     
   437267.29770253383        447593.39254373731        460263.51127468998        18448.976561742897        28775.071402946400        41445.190133899050        9.6088928898035437        9.2338271604930071        10.207438271603822     
   514994.75546764705        525320.85030885052        537990.96903980325        18448.976561742897        28775.071402946400        41445.190133899050        10.911286008231126        9.8954618608541942        9.1724122656607321     
   603069.91021914675        613396.00506035017        626066.12379130290        18448.976561742897        28775.071402946400        41445.190133899050        23.502518219265699        9.2833209574646425        24.258375244138843     
   702372.78015604883        712698.87499725225        725368.99372820498        18448.976561742897        28775.071402946400        41445.190133899050        23.502482299799620        12.587023361602013        23.416741943357000     
   813819.30258753314        824145.39742873656        836815.51615968929        18448.976561742897        28775.071402946400        41445.190133899050        17.785526427173906        11.149348422494825        26.620468750000999     
   938361.33393294329        948687.42877414671        961357.54750509944        18448.976561742897        28775.071402946400        41445.190133899050        12.784133414441991        36.000705555506975        10.131532593704698     
   1076986.6497217864        1087312.7445629900        1099982.8632939425        18448.976561742897        28775.071402946400        41445.190133899050        14.095498792945717        27.691109415588574        13.053156159042169     
   1230718.9445937350        1241045.0394349387        1253715.1581658912        18448.976561742897        28775.071402946400        41445.190133899050        14.621692208584898        11.220200617285391        22.568540039057915     
   1400617.8322986232        1410943.9271398268        1423614.0458707793        18448.976561742897        28775.071402946400        41445.190133899050        16.802289608641701        11.128599679924363        22.257421874995423     
   1587778.8456964518        1598104.9405376555        1610775.0592686080        18448.976561742897        28775.071402946400        41445.190133899050        13.777719635841073        14.700597424456662        20.881188964839009     
   1793333.4367573834        1803659.5315985871        1816329.6503295396        18448.976561742897        28775.071402946400        41445.190133899050        23.717849300209416        16.331400146484278        13.936470831559310     
   2018448.9765617433        2028775.0714029470        2041445.1901338995        18448.976561742897        28775.071402946400        41445.190133899050        15.169494383548464        19.528383789061309        15.399506835935803     
