   18448.976561742897        28775.071402946400        41445.190133899050        18448.976561742897        28775.071402946400        41445.190133899050        3.9797973632812195E-003   4.7501296997070286E-002  0.37909271240234643     
   18450.473191333058        28776.568032536561        41446.686763489211        18448.976561742897        28775.071402946400        41445.190133899050        3.9797973632812195E-003   4.7320079803466780E-002  0.37909271240234643     
   18472.922635185503        28799.017476389006        41469.136207341660        18448.976561742897        28775.071402946400        41445.190133899050        4.2086791992187195E-003   4.7392120361328061E-002  0.40230468750004045     
   18570.203558546094        28896.298399749598        41566.417130702248        18448.976561742897        28775.071402946400        41445.190133899050        4.2321777343750037E-003   4.8476562499999959E-002  0.39462402343757425     
   18832.113736824613        29158.208578028116        41828.327308980763        18448.976561742897        28775.071402946400        41445.190133899050        4.4335937500000078E-003   4.8710937499999905E-002  0.38644042968750592     
   19384.370055594743        29710.464896798247        42380.583627750893        18448.976561742897        28775.071402946400        41445.190133899050        4.5367431640625060E-003   5.0704460144042895E-002  0.39865234374999697     
   20388.608510594084        30714.703351797587        43384.822082750237        18448.976561742897        28775.071402946400        41445.190133899050        4.5513916015728212E-003   5.4008178710937105E-002  0.41809852600097852     
   22042.384207724150        32368.479048927649        45038.597779880300        18448.976561742897        28775.071402946400        41445.190133899050        3.6364746093734417E-003   5.5910224914550694E-002  0.42967269897460758     
   24579.171363050355        34905.266204253858        47575.384935206508        18448.976561742897        28775.071402946400        41445.190133899050        5.1341629028320238E-003   5.8337402343759892E-002  0.44727539062500421     
   28268.363302802034        38594.458144005534        51264.576874958184        18448.976561742897        28775.071402946400        41445.190133899050        6.2280273437595787E-003   6.4680175781254817E-002  0.47371185302734531     
   33415.272463372428        43741.367304575935        56411.486035528578        18448.976561742897        28775.071402946400        41445.190133899050        6.2812042236515316E-003   7.2166137695329716E-002  0.51537475585937353     
   40361.130391318693        50687.225232522193        63357.343963474850        18448.976561742897        28775.071402946400        41445.190133899050        7.5260925293055350E-003   8.2599487304687622E-002  0.57120017051696625     
   49483.087743361903        59809.182584565409        72479.301315518067        18448.976561742897        28775.071402946400        41445.190133899050        9.2991638183671510E-003  0.10023437499997895       0.65730468749998716     
   61194.214286387010        71520.309127590517        84190.427858543175        18448.976561742897        28775.071402946400        41445.190133899050        1.2475585937493927E-002  0.13491699218749625       0.79896728515624682     
   75943.498897442914        86269.593738646421        98939.712469599064        18448.976561742897        28775.071402946400        41445.190133899050        1.8431396484374522E-002  0.21917724609375058        1.6113315742012155     
   94215.849563742406        104541.94440494591        117212.06313589856        18448.976561742897        28775.071402946400        41445.190133899050       0.34722864333277981       0.96357195930499040        3.0001546246285171     
   116532.09338266221        126858.18822386571        139528.30695481837        18448.976561742897        28775.071402946400        41445.190133899050       0.87759178288365580        1.8823510820330569        4.6273212805779300     
   143448.97656174292        153775.07140294643        166445.19013389907        18448.976561742897        28775.071402946400        41445.190133899050        2.8100400091448181        3.1150765889346541        6.1164782426458277     
   175559.16441868906        185885.25925989257        198555.37799084521        18448.976561742897        28775.071402946400        41445.190133899050        3.3760202331961002        5.2856841563787995        8.2780898491086834     
   213491.24138136912        223817.33622257263        236487.45495352527        18448.976561742897        28775.071402946400        41445.190133899050        5.7794615912204224        6.8482618408017570        9.5901221707819495     
   257909.71098781540        268235.80582901894        280905.92455997155        18448.976561742897        28775.071402946400        41445.190133899050        7.2727674897117573        9.2851131687236492        11.549526748970058     
   309514.99588622421        319841.09072742774        332511.20945838036        18448.976561742897        28775.071402946400        41445.190133899050        9.7304381795196591        10.157808641974233        13.038491512344910     
   369043.43783495564        379369.53267615917        392039.65140711179        18448.976561742897        28775.071402946400        41445.190133899050        9.1449398910225508        9.7139484977526873        9.9625308641971557     
   437267.29770253383        447593.39254373731        460263.51127468998        18448.976561742897        28775.071402946400        41445.190133899050        9.7939854823958310        9.3346707818922230        10.067160493826085     
   514994.75546764705        525320.85030885052        537990.96903980325        18448.976561742897        28775.071402946400        41445.190133899050        11.073045267488922        9.4019114845284442        9.0975665866481172     
   603069.91021914675        613396.00506035017        626066.12379130290        18448.976561742897        28775.071402946400        41445.190133899050        10.244575760171911        9.6710033273706237        26.767869262694326     
   702372.78015604883        712698.87499725225        725368.99372820498        18448.976561742897        28775.071402946400        41445.190133899050        11.337644032919773        13.294884554103742        14.039408150433648     
   813819.30258753314        824145.39742873656        836815.51615968929        18448.976561742897        28775.071402946400        41445.190133899050        13.525379100860844        11.162623456788767        37.831501569748212     
   938361.33393294329        948687.42877414671        961357.54750509944        18448.976561742897        28775.071402946400        41445.190133899050        24.779333918177535        20.057852175030941        21.258344726556334     
   1076986.6497217864        1087312.7445629900        1099982.8632939425        18448.976561742897        28775.071402946400        41445.190133899050        24.792481016483983        10.925020576131047        22.621985778807655     
   1230718.9445937350        1241045.0394349387        1253715.1581658912        18448.976561742897        28775.071402946400        41445.190133899050        24.776332467501433        10.935997942385640        22.377416992181580     
   1400617.8322986232        1410943.9271398268        1423614.0458707793        18448.976561742897        28775.071402946400        41445.190133899050        23.270998505013779        16.290720691526687        22.549478759758841     
   1587778.8456964518        1598104.9405376555        1610775.0592686080        18448.976561742897        28775.071402946400        41445.190133899050        17.530639191025049        10.799074074072541        25.772654418941112     
   1793333.4367573834        1803659.5315985871        1816329.6503295396        18448.976561742897        28775.071402946400        41445.190133899050        26.087554329757396        20.116555878734182        15.215148504016931     
   2018448.9765617433        2028775.0714029470        2041445.1901338995        18448.976561742897        28775.071402946400        41445.190133899050        16.445449218748745        14.175874104556229        11.797194824218188     
