   18448.976561742897        28775.071402946400        41445.190133899050        18448.976561742897        28775.071402946400        41445.190133899050       1.37047767639159913E-003  7.66670227050784622E-003  0.23353224694728786     
   18450.473191333058        28776.568032536561        41446.686763489211        18448.976561742897        28775.071402946400        41445.190133899050       1.19469642639159941E-003  7.66670227050784622E-003  0.23353224694728786     
   18472.922635185503        28799.017476389006        41469.136207341660        18448.976561742897        28775.071402946400        41445.190133899050       4.01382446289062170E-004  6.63765907287606517E-003  0.23441222131252254     
   18570.203558546094        28896.298399749598        41566.417130702248        18448.976561742897        28775.071402946400        41445.190133899050       1.18179321289062569E-004  6.70097351074215065E-003  0.23594764906913029     
   18832.113736824613        29158.208578028116        41828.327308980763        18448.976561742897        28775.071402946400        41445.190133899050       8.74505043029743211E-004  6.78790051955726302E-003  0.23873150769621132     
   19384.370055594743        29710.464896798247        42380.583627750893        18448.976561742897        28775.071402946400        41445.190133899050       1.90870761871259325E-004  8.00659179687496225E-003  0.24435493528842861     
   20388.608510594084        30714.703351797587        43384.822082750237        18448.976561742897        28775.071402946400        41445.190133899050       3.89900207519518812E-004  6.06659889221189928E-003  0.24127467036247258     
   22042.384207724150        32368.479048927649        45038.597779880300        18448.976561742897        28775.071402946400        41445.190133899050       7.62634277343751145E-004  7.86607742309567912E-003  0.26140502929687415     
   24579.171363050355        34905.266204253858        47575.384935206508        18448.976561742897        28775.071402946400        41445.190133899050       5.26405893324439784E-004  8.12477111816405431E-003  0.27603900909423884     
   28268.363302802034        38594.458144005534        51264.576874958184        18448.976561742897        28775.071402946400        41445.190133899050       3.43513488769530643E-004  1.01090621948242178E-002  0.30075595006346667     
   33415.272463372428        43741.367304575935        56411.486035528578        18448.976561742897        28775.071402946400        41445.190133899050       4.13513183593217787E-005  1.17786026000976565E-002  0.34507822083309297     
   40361.130391318693        50687.225232522193        63357.343963474850        18448.976561742897        28775.071402946400        41445.190133899050       1.03179931640622231E-003  1.34680747985839507E-002  0.45464108326821584     
   49483.087743361903        59809.182584565409        72479.301315518067        18448.976561742897        28775.071402946400        41445.190133899050       9.49811935424869566E-004  1.72346399002708504E-002  0.50560333251952660     
   61194.214286387010        71520.309127590517        84190.427858543175        18448.976561742897        28775.071402946400        41445.190133899050       1.78842544555639534E-004  2.53216981887818306E-002  0.61077703833580022     
   75943.498897442914        86269.593738646421        98939.712469599064        18448.976561742897        28775.071402946400        41445.190133899050       1.90505981445325588E-003  4.69828605651855177E-002   1.8383140590910507     
   94215.849563742406        104541.94440494591        117212.06313589856        18448.976561742897        28775.071402946400        41445.190133899050       7.18652456998824206E-003  0.12468625307083192        3.6515530734574471     
   116532.09338266221        126858.18822386571        139528.30695481837        18448.976561742897        28775.071402946400        41445.190133899050       1.45522308349609383E-002  0.80893064936885628        5.3429163825317589     
   143448.97656174292        153775.07140294643        166445.19013389907        18448.976561742897        28775.071402946400        41445.190133899050       3.02985954284755478E-002   1.7531216757585897        7.4989687548288737     
   175559.16441868906        185885.25925989257        198555.37799084521        18448.976561742897        28775.071402946400        41445.190133899050       7.46772791445255157E-002   4.6769979617435116        9.4574646680896350     
   213491.24138136912        223817.33622257263        236487.45495352527        18448.976561742897        28775.071402946400        41445.190133899050       0.18453144073486083        7.8628462873288250        11.468367813068999     
   257909.71098781540        268235.80582901894        280905.92455997155        18448.976561742897        28775.071402946400        41445.190133899050        1.5374644610496766        10.478230487920102        13.291888889455471     
   309514.99588622421        319841.09072742774        332511.20945838036        18448.976561742897        28775.071402946400        41445.190133899050        8.3111510057216513        12.775631653294440        15.078615171497130     
   369043.43783495564        379369.53267615917        392039.65140711179        18448.976561742897        28775.071402946400        41445.190133899050        12.131816542999996        14.687531303831728        16.487927328826274     
   437267.29770253383        447593.39254373731        460263.51127468998        18448.976561742897        28775.071402946400        41445.190133899050        13.978620793396416        16.115731945742475        18.044309054786492     
   514994.75546764705        525320.85030885052        537990.96903980325        18448.976561742897        28775.071402946400        41445.190133899050        15.737689674589333        17.405741021175757        19.335659204193806     
   603069.91021914675        613396.00506035017        626066.12379130290        18448.976561742897        28775.071402946400        41445.190133899050        17.019292623702498        18.655745575594164        20.093664964533225     
   702372.78015604883        712698.87499725225        725368.99372820498        18448.976561742897        28775.071402946400        41445.190133899050        18.261273086920411        19.335794501207751        21.527865696672109     
   813819.30258753314        824145.39742873656        836815.51615968929        18448.976561742897        28775.071402946400        41445.190133899050        20.524288942147741        20.403678910670742        23.023219768157784     
   938361.33393294329        948687.42877414671        961357.54750509944        18448.976561742897        28775.071402946400        41445.190133899050        21.012678127092666        21.773353144094521        23.501869798282939     
   1076986.6497217864        1087312.7445629900        1099982.8632939425        18448.976561742897        28775.071402946400        41445.190133899050        22.445845588226920        23.200602386768043        24.051953864501048     
   1230718.9445937350        1241045.0394349387        1253715.1581658912        18448.976561742897        28775.071402946400        41445.190133899050        23.443497822162229        23.785026337843991        25.489210655891455     
   1400617.8322986232        1410943.9271398268        1423614.0458707793        18448.976561742897        28775.071402946400        41445.190133899050        24.764472185264090        24.631974918574652        26.872112533077082     
   1587778.8456964518        1598104.9405376555        1610775.0592686080        18448.976561742897        28775.071402946400        41445.190133899050        25.194720609061932        25.251831757799447        26.452210487751977     
   1793333.4367573834        1803659.5315985871        1816329.6503295396        18448.976561742897        28775.071402946400        41445.190133899050        25.724251050696111        26.245494436232846        27.668732632897285     
   2018448.9765617433        2028775.0714029470        2041445.1901338995        18448.976561742897        28775.071402946400        41445.190133899050        23.501892648029031        23.502457839197543        21.964612478465636     
