   18448.976561742897        28775.071402946400        41445.190133899050        18448.976561742897        28775.071402946400        41445.190133899050        6.1131744384765610E-002  0.38317382812501305        1.7968650817872707     
   18450.473191333058        28776.568032536561        41446.686763489211        18448.976561742897        28775.071402946400        41445.190133899050        6.1131744384765610E-002  0.38365631103517356        1.7972949218751608     
   18472.922635185503        28799.017476389006        41469.136207341660        18448.976561742897        28775.071402946400        41445.190133899050        6.1084442138671882E-002  0.38441406250001836        1.7986376953126508     
   18570.203558546094        28896.298399749598        41566.417130702248        18448.976561742897        28775.071402946400        41445.190133899050        5.9483337402343767E-002  0.37035156249999956        1.8082360839845459     
   18832.113736824613        29158.208578028116        41828.327308980763        18448.976561742897        28775.071402946400        41445.190133899050        6.1227569580078078E-002  0.37701660156249983        1.7671874999999406     
   19384.370055594743        29710.464896798247        42380.583627750893        18448.976561742897        28775.071402946400        41445.190133899050        6.4249267578130986E-002  0.39208984375001243        1.8146093749999996     
   20388.608510594084        30714.703351797587        43384.822082750237        18448.976561742897        28775.071402946400        41445.190133899050        6.7480468750007946E-002  0.41952392578124997        1.7842163085937279     
   22042.384207724150        32368.479048927649        45038.597779880300        18448.976561742897        28775.071402946400        41445.190133899050        7.0438613891600915E-002  0.43344696044921494        1.8162109375000104     
   24579.171363050355        34905.266204253858        47575.384935206508        18448.976561742897        28775.071402946400        41445.190133899050        7.6039733886718447E-002  0.45363281250000759        2.0320263671875605     
   28268.363302802034        38594.458144005534        51264.576874958184        18448.976561742897        28775.071402946400        41445.190133899050        8.3300781250000983E-002  0.48520385742187550        2.1026782226562641     
   33415.272463372428        43741.367304575935        56411.486035528578        18448.976561742897        28775.071402946400        41445.190133899050        9.2584457397478254E-002  0.53326538085937758        2.2913273620605539     
   40361.130391318693        50687.225232522193        63357.343963474850        18448.976561742897        28775.071402946400        41445.190133899050       0.10610229492187576       0.60858886718749861        2.5823510742187450     
   49483.087743361903        59809.182584565409        72479.301315518067        18448.976561742897        28775.071402946400        41445.190133899050       0.12518981933593301       0.73082519531247947        3.0296024703979394     
   61194.214286387010        71520.309127590517        84190.427858543175        18448.976561742897        28775.071402946400        41445.190133899050       0.15937652587891213       0.94253116607665877        4.0061758243144592     
   75943.498897442914        86269.593738646421        98939.712469599064        18448.976561742897        28775.071402946400        41445.190133899050       0.26143295288087381        2.0302829218107079        5.1165312071328097     
   94215.849563742406        104541.94440494591        117212.06313589856        18448.976561742897        28775.071402946400        41445.190133899050        1.3546720679012505        3.4278849451302862        6.3229312414270442     
   116532.09338266221        126858.18822386571        139528.30695481837        18448.976561742897        28775.071402946400        41445.190133899050        2.8897662441891603        4.9525006430045933        7.8502155403383469     
   143448.97656174292        153775.07140294643        166445.19013389907        18448.976561742897        28775.071402946400        41445.190133899050        4.8671454695599934        6.5515573559664917        8.7494555898475390     
   175559.16441868906        185885.25925989257        198555.37799084521        18448.976561742897        28775.071402946400        41445.190133899050        6.6477812071326960        8.4977912808636926        9.8750955218338614     
   213491.24138136912        223817.33622257263        236487.45495352527        18448.976561742897        28775.071402946400        41445.190133899050        9.1605827046176156        10.322809499312523        10.676893432785032     
   257909.71098781540        268235.80582901894        280905.92455997155        18448.976561742897        28775.071402946400        41445.190133899050        9.6399967135340230        10.083425925925596        11.658583676267464     
   309514.99588622421        319841.09072742774        332511.20945838036        18448.976561742897        28775.071402946400        41445.190133899050        9.0010884392616717        10.135154320986391        13.227843364194635     
   369043.43783495564        379369.53267615917        392039.65140711179        18448.976561742897        28775.071402946400        41445.190133899050        10.477622824370282        9.7240719545407615        10.012993827160669     
   437267.29770253383        447593.39254373731        460263.51127468998        18448.976561742897        28775.071402946400        41445.190133899050        9.7540472107912422        9.3691872427975564        10.037582304526831     
   514994.75546764705        525320.85030885052        537990.96903980325        18448.976561742897        28775.071402946400        41445.190133899050        10.996707818931041        9.1767468754764572        9.8665410903432278     
   603069.91021914675        613396.00506035017        626066.12379130290        18448.976561742897        28775.071402946400        41445.190133899050        20.440596223579920        9.7293244536657930        9.5269135802463047     
   702372.78015604883        712698.87499725225        725368.99372820498        18448.976561742897        28775.071402946400        41445.190133899050        10.167775348650329        9.9603435070868471        9.3401213610727361     
   813819.30258753314        824145.39742873656        836815.51615968929        18448.976561742897        28775.071402946400        41445.190133899050        11.375524691356354        11.180514403291774        22.384630126953368     
   938361.33393294329        948687.42877414671        961357.54750509944        18448.976561742897        28775.071402946400        41445.190133899050        13.337688862308987        11.505720164608059        23.450902404780706     
   1076986.6497217864        1087312.7445629900        1099982.8632939425        18448.976561742897        28775.071402946400        41445.190133899050        12.831528411349588        20.979234018038301        12.878337914871306     
   1230718.9445937350        1241045.0394349387        1253715.1581658912        18448.976561742897        28775.071402946400        41445.190133899050        14.111142368620268        23.113135705341332        11.480428669409770     
   1400617.8322986232        1410943.9271398268        1423614.0458707793        18448.976561742897        28775.071402946400        41445.190133899050        14.584703434458152        26.362576656333331        22.839230957024764     
   1587778.8456964518        1598104.9405376555        1610775.0592686080        18448.976561742897        28775.071402946400        41445.190133899050        12.141947433710385        20.717818389056998        10.738446502056810     
   1793333.4367573834        1803659.5315985871        1816329.6503295396        18448.976561742897        28775.071402946400        41445.190133899050        23.105815983827132        20.651406250004669        16.685748043996433     
   2018448.9765617433        2028775.0714029470        2041445.1901338995        18448.976561742897        28775.071402946400        41445.190133899050        5.5212744140624084        15.935981445310535        18.021210784910124     
