   18448.976561742897        28775.071402946400        41445.190133899050        18448.976561742897        28775.071402946400        41445.190133899050       2.61056518554687589E-002  0.16540039062502157       0.88130371093751192     
   18450.473191333058        28776.568032536561        41446.686763489211        18448.976561742897        28775.071402946400        41445.190133899050       2.61056518554687589E-002  0.16540039062502157       0.88135375976563690     
   18472.922635185503        28799.017476389006        41469.136207341660        18448.976561742897        28775.071402946400        41445.190133899050       2.59375000000000196E-002  0.16585937500002246       0.88293945312500988     
   18570.203558546094        28896.298399749598        41566.417130702248        18448.976561742897        28775.071402946400        41445.190133899050       2.52587890624999985E-002  0.15827392578125699       0.88660644531252197     
   18832.113736824613        29158.208578028116        41828.327308980763        18448.976561742897        28775.071402946400        41445.190133899050       2.62158203125000058E-002  0.16195556640625042       0.92750000000005861     
   19384.370055594743        29710.464896798247        42380.583627750893        18448.976561742897        28775.071402946400        41445.190133899050       2.78076171875000083E-002  0.16785156250000033       0.92378906249999460     
   20388.608510594084        30714.703351797587        43384.822082750237        18448.976561742897        28775.071402946400        41445.190133899050       2.86774635315043165E-002  0.18041992187500011       0.92359985351561968     
   22042.384207724150        32368.479048927649        45038.597779880300        18448.976561742897        28775.071402946400        41445.190133899050       3.04370117187493829E-002  0.18708496093749949       0.99702483177184309     
   24579.171363050355        34905.266204253858        47575.384935206508        18448.976561742897        28775.071402946400        41445.190133899050       3.24804687500000119E-002  0.19726562500001085        1.0413174438476691     
   28268.363302802034        38594.458144005534        51264.576874958184        18448.976561742897        28775.071402946400        41445.190133899050       3.58831405639745693E-002  0.21270576477050526        1.1051293945312479     
   33415.272463372428        43741.367304575935        56411.486035528578        18448.976561742897        28775.071402946400        41445.190133899050       4.02059268951597271E-002  0.23721374511719218        1.1974975585937464     
   40361.130391318693        50687.225232522193        63357.343963474850        18448.976561742897        28775.071402946400        41445.190133899050       4.62100219726581801E-002  0.27785156250001242        1.3457670593261795     
   49483.087743361903        59809.182584565409        72479.301315518067        18448.976561742897        28775.071402946400        41445.190133899050       5.48614120483160161E-002  0.34837463378906008        1.6029052734374831     
   61194.214286387010        71520.309127590517        84190.427858543175        18448.976561742897        28775.071402946400        41445.190133899050       7.97070312500042372E-002  0.48683364868164863        2.4383844878829799     
   75943.498897442914        86269.593738646421        98939.712469599064        18448.976561742897        28775.071402946400        41445.190133899050       0.47740827665377833        1.1823411779837780        3.6799545233355189     
   94215.849563742406        104541.94440494591        117212.06313589856        18448.976561742897        28775.071402946400        41445.190133899050        1.0389198200660412        2.2187845078875816        4.6887937778636664     
   116532.09338266221        126858.18822386571        139528.30695481837        18448.976561742897        28775.071402946400        41445.190133899050        1.8725152177641620        3.3527267303954718        5.6306085676727511     
   143448.97656174292        153775.07140294643        166445.19013389907        18448.976561742897        28775.071402946400        41445.190133899050        3.5041229423868603        4.9074240540688088        6.7564396147687624     
   175559.16441868906        185885.25925989257        198555.37799084521        18448.976561742897        28775.071402946400        41445.190133899050        4.5545747599447788        6.2225245056009699        8.6947197454651981     
   213491.24138136912        223817.33622257263        236487.45495352527        18448.976561742897        28775.071402946400        41445.190133899050        6.4990723593951394        7.1796463477360541        9.2110039437583584     
   257909.71098781540        268235.80582901894        280905.92455997155        18448.976561742897        28775.071402946400        41445.190133899050        7.9027674897114508        9.1450411522629089        11.060848765431597     
   309514.99588622421        319841.09072742774        332511.20945838036        18448.976561742897        28775.071402946400        41445.190133899050        11.722778688103736        10.041985596707619        11.304038494511440     
   369043.43783495564        379369.53267615917        392039.65140711179        18448.976561742897        28775.071402946400        41445.190133899050        9.1571113722694673        10.525431455759620        10.299907407405680     
   437267.29770253383        447593.39254373731        460263.51127468998        18448.976561742897        28775.071402946400        41445.190133899050        9.8962282807491793        9.3245276063100917        10.012909879398853     
   514994.75546764705        525320.85030885052        537990.96903980325        18448.976561742897        28775.071402946400        41445.190133899050        11.093539094649620        9.7566305874172734        9.1650048582543047     
   603069.91021914675        613396.00506035017        626066.12379130290        18448.976561742897        28775.071402946400        41445.190133899050        21.235670917900780        9.3484238381231481        9.4697333676256630     
   702372.78015604883        712698.87499725225        725368.99372820498        18448.976561742897        28775.071402946400        41445.190133899050        9.8793597107915829        9.7463928898033441        9.1660061347344364     
   813819.30258753314        824145.39742873656        836815.51615968929        18448.976561742897        28775.071402946400        41445.190133899050        12.986884704263401        11.037633744855020        9.3929748704449008     
   938361.33393294329        948687.42877414671        961357.54750509944        18448.976561742897        28775.071402946400        41445.190133899050        12.256791969602970        10.863501371741243        9.6248941964455206     
   1076986.6497217864        1087312.7445629900        1099982.8632939425        18448.976561742897        28775.071402946400        41445.190133899050        14.593036515854832        14.209358647150355        10.944351851851973     
   1230718.9445937350        1241045.0394349387        1253715.1581658912        18448.976561742897        28775.071402946400        41445.190133899050        20.657151180770459        19.349964795708264        11.508748285320673     
   1400617.8322986232        1410943.9271398268        1423614.0458707793        18448.976561742897        28775.071402946400        41445.190133899050        14.241383921139100        23.943467346017343        11.238720850478160     
   1587778.8456964518        1598104.9405376555        1610775.0592686080        18448.976561742897        28775.071402946400        41445.190133899050        21.172086392957940        16.492445413398826        11.007283950615099     
   1793333.4367573834        1803659.5315985871        1816329.6503295396        18448.976561742897        28775.071402946400        41445.190133899050        16.291197793408990        10.877181069959256        15.353048236862476     
   2018448.9765617433        2028775.0714029470        2041445.1901338995        18448.976561742897        28775.071402946400        41445.190133899050        16.961518974545015        14.047026367186024        15.567411499021389     
