   18448.976561742897        28775.071402946400        41445.190133899050        18448.976561742897        28775.071402946400        41445.190133899050       2.16838407516479724E-002  0.14542968750002230       0.90651000976562890     
   18450.473191333058        28776.568032536561        41446.686763489211        18448.976561742897        28775.071402946400        41445.190133899050       2.16638278961181867E-002  0.14542968750002230       0.90651000976562890     
   18472.922635185503        28799.017476389006        41469.136207341660        18448.976561742897        28775.071402946400        41445.190133899050       2.18163061141967984E-002  0.14590576171876168       0.90855468750000901     
   18570.203558546094        28896.298399749598        41566.417130702248        18448.976561742897        28775.071402946400        41445.190133899050       2.11328125000000075E-002  0.14109619140625437       0.91172851562500257     
   18832.113736824613        29158.208578028116        41828.327308980763        18448.976561742897        28775.071402946400        41445.190133899050       2.15417480468749825E-002  0.14249023437499947       0.95001342773443764     
   19384.370055594743        29710.464896798247        42380.583627750893        18448.976561742897        28775.071402946400        41445.190133899050       2.31298828125000092E-002  0.14955078125000004       0.94942138671875131     
   20388.608510594084        30714.703351797587        43384.822082750237        18448.976561742897        28775.071402946400        41445.190133899050       2.38825988769634581E-002  0.15864608764648447       0.95531250000001178     
   22042.384207724150        32368.479048927649        45038.597779880300        18448.976561742897        28775.071402946400        41445.190133899050       2.51210021972651798E-002  0.16357437133789041        1.0289595031738190     
   24579.171363050355        34905.266204253858        47575.384935206508        18448.976561742897        28775.071402946400        41445.190133899050       2.72053527832031364E-002  0.17242797851563879        1.0672503662109301     
   28268.363302802034        38594.458144005534        51264.576874958184        18448.976561742897        28775.071402946400        41445.190133899050       3.00875091552832256E-002  0.18599275112151784        1.1283027648925761     
   33415.272463372428        43741.367304575935        56411.486035528578        18448.976561742897        28775.071402946400        41445.190133899050       3.35914421081730113E-002  0.20714355468749399        1.2161871337890635     
   40361.130391318693        50687.225232522193        63357.343963474850        18448.976561742897        28775.071402946400        41445.190133899050       3.86901855468767264E-002  0.24405273437500996        1.3378447723388729     
   49483.087743361903        59809.182584565409        72479.301315518067        18448.976561742897        28775.071402946400        41445.190133899050       4.56433105468746075E-002  0.30304687500000022        1.5317822265624754     
   61194.214286387010        71520.309127590517        84190.427858543175        18448.976561742897        28775.071402946400        41445.190133899050       5.62711334228600674E-002  0.42018859863280900        2.2010485839843934     
   75943.498897442914        86269.593738646421        98939.712469599064        18448.976561742897        28775.071402946400        41445.190133899050       8.72900390625042655E-002  0.62738281249999628        3.9644554231443978     
   94215.849563742406        104541.94440494591        117212.06313589856        18448.976561742897        28775.071402946400        41445.190133899050       0.64851577830881235        1.7922738233025188        5.2805075892344009     
   116532.09338266221        126858.18822386571        139528.30695481837        18448.976561742897        28775.071402946400        41445.190133899050        1.5036585058727534        3.4140878093565172        6.8819434799383696     
   143448.97656174292        153775.07140294643        166445.19013389907        18448.976561742897        28775.071402946400        41445.190133899050        3.4571882323103305        4.9899632535046630        8.2700205404097034     
   175559.16441868906        185885.25925989257        198555.37799084521        18448.976561742897        28775.071402946400        41445.190133899050        5.1941185763090321        7.3641901720386089        9.6872012174204745     
   213491.24138136912        223817.33622257263        236487.45495352527        18448.976561742897        28775.071402946400        41445.190133899050        7.0818055555547978        9.7723611111112589        11.126063957475447     
   257909.71098781540        268235.80582901894        280905.92455997155        18448.976561742897        28775.071402946400        41445.190133899050        9.6049146947868227        9.9659362139916876        12.904861111111035     
   309514.99588622421        319841.09072742774        332511.20945838036        18448.976561742897        28775.071402946400        41445.190133899050        9.0274876162163427        9.9620576131675733        11.768881172838624     
   369043.43783495564        379369.53267615917        392039.65140711179        18448.976561742897        28775.071402946400        41445.190133899050        10.336902659761021        10.389073431069377        11.754932952927387     
   437267.29770253383        447593.39254373731        460263.51127468998        18448.976561742897        28775.071402946400        41445.190133899050        11.918096731201885        9.3883641975307253        10.151234567900220     
   514994.75546764705        525320.85030885052        537990.96903980325        18448.976561742897        28775.071402946400        41445.190133899050        10.942006172839777        9.3225287684801241        22.591098632812475     
   603069.91021914675        613396.00506035017        626066.12379130290        18448.976561742897        28775.071402946400        41445.190133899050        10.092096336304659        27.650384616851881        28.287210083007729     
   702372.78015604883        712698.87499725225        725368.99372820498        18448.976561742897        28775.071402946400        41445.190133899050        9.8701210276620550        12.870647271819260        23.081696166991698     
   813819.30258753314        824145.39742873656        836815.51615968929        18448.976561742897        28775.071402946400        41445.190133899050        17.744501049944503        21.904898681636460        21.965281372066379     
   938361.33393294329        948687.42877414671        961357.54750509944        18448.976561742897        28775.071402946400        41445.190133899050        13.309349463825360        21.924549518725541        11.301244855966607     
   1076986.6497217864        1087312.7445629900        1099982.8632939425        18448.976561742897        28775.071402946400        41445.190133899050        14.324542002822540        27.421572108554724        22.498189697258901     
   1230718.9445937350        1241045.0394349387        1253715.1581658912        18448.976561742897        28775.071402946400        41445.190133899050        23.637615819397194        11.181467764056629        22.886189575192201     
   1400617.8322986232        1410943.9271398268        1423614.0458707793        18448.976561742897        28775.071402946400        41445.190133899050        23.505687894117923        11.151121399174311        21.628366699215825     
   1587778.8456964518        1598104.9405376555        1610775.0592686080        18448.976561742897        28775.071402946400        41445.190133899050        13.796584519241138        21.174179509694635        22.558954467768466     
   1793333.4367573834        1803659.5315985871        1816329.6503295396        18448.976561742897        28775.071402946400        41445.190133899050        27.683191041943640        15.169290771484368        14.179815738966186     
   2018448.9765617433        2028775.0714029470        2041445.1901338995        18448.976561742897        28775.071402946400        41445.190133899050        13.022812499999420        14.535978485558458        13.236596679686757     
