   18448.976561742897        28775.071402946400        41445.190133899050        18448.976561742897        28775.071402946400        41445.190133899050       3.46119689941406239E-002  0.17714874267583275       0.80124877929689053     
   18450.473191333058        28776.568032536561        41446.686763489211        18448.976561742897        28775.071402946400        41445.190133899050       3.46119689941406239E-002  0.17714874267583275       0.80155532836915633     
   18472.922635185503        28799.017476389006        41469.136207341660        18448.976561742897        28775.071402946400        41445.190133899050       3.47840881347656269E-002  0.17757568359380149       0.80182861328127020     
   18570.203558546094        28896.298399749598        41566.417130702248        18448.976561742897        28775.071402946400        41445.190133899050       3.40076255798339860E-002  0.17234199523926258       0.80533813476563565     
   18832.113736824613        29158.208578028116        41828.327308980763        18448.976561742897        28775.071402946400        41445.190133899050       3.42761230468749817E-002  0.17363525390626128       0.81328002929688570     
   19384.370055594743        29710.464896798247        42380.583627750893        18448.976561742897        28775.071402946400        41445.190133899050       3.74951171875000377E-002  0.18050842285156277       0.83041839599609824     
   20388.608510594084        30714.703351797587        43384.822082750237        18448.976561742897        28775.071402946400        41445.190133899050       3.72760009765701270E-002  0.18849395751953121       0.86172595977782795     
   22042.384207724150        32368.479048927649        45038.597779880300        18448.976561742897        28775.071402946400        41445.190133899050       3.80566406249994160E-002  0.19344360351562523       0.87954345703124015     
   24579.171363050355        34905.266204253858        47575.384935206508        18448.976561742897        28775.071402946400        41445.190133899050       4.17871093750000477E-002  0.20006347656251089       0.90136016845702382     
   28268.363302802034        38594.458144005534        51264.576874958184        18448.976561742897        28775.071402946400        41445.190133899050       4.42686080932674364E-002  0.21263366699218300       0.93523818969726058     
   33415.272463372428        43741.367304575935        56411.486035528578        18448.976561742897        28775.071402946400        41445.190133899050       4.93624877929874362E-002  0.23157592773438077       0.98825790405273350     
   40361.130391318693        50687.225232522193        63357.343963474850        18448.976561742897        28775.071402946400        41445.190133899050       5.42503356933698444E-002  0.25792968750000139        1.0583885192871074     
   49483.087743361903        59809.182584565409        72479.301315518067        18448.976561742897        28775.071402946400        41445.190133899050       6.19609069824207798E-002  0.30074211120605476        1.1582011413574218     
   61194.214286387010        71520.309127590517        84190.427858543175        18448.976561742897        28775.071402946400        41445.190133899050       7.46142578125005423E-002  0.37826820373534820        1.3174450302123961     
   75943.498897442914        86269.593738646421        98939.712469599064        18448.976561742897        28775.071402946400        41445.190133899050       0.10156250000001395       0.51278320312500236        2.0959784022061911     
   94215.849563742406        104541.94440494591        117212.06313589856        18448.976561742897        28775.071402946400        41445.190133899050       0.55306443704989849        1.2021596722107692        3.0285291995311621     
   116532.09338266221        126858.18822386571        139528.30695481837        18448.976561742897        28775.071402946400        41445.190133899050        1.0828472400834532        1.8550607996113300        3.8519067929813970     
   143448.97656174292        153775.07140294643        166445.19013389907        18448.976561742897        28775.071402946400        41445.190133899050        2.0136445473251272        2.9150602280521345        4.7027607024459570     
   175559.16441868906        185885.25925989257        198555.37799084521        18448.976561742897        28775.071402946400        41445.190133899050        2.9457190214909335        4.0223335780318923        5.6394461591222136     
   213491.24138136912        223817.33622257263        236487.45495352527        18448.976561742897        28775.071402946400        41445.190133899050        4.1118827160496734        5.3169024943796108        6.7230319787368513     
   257909.71098781540        268235.80582901894        280905.92455997155        18448.976561742897        28775.071402946400        41445.190133899050        5.3614814814810750        6.2134493042853096        7.7792001028802460     
   309514.99588622421        319841.09072742774        332511.20945838036        18448.976561742897        28775.071402946400        41445.190133899050        6.5533807727472997        7.9523778828009561        8.9937999399859851     
   369043.43783495564        379369.53267615917        392039.65140711179        18448.976561742897        28775.071402946400        41445.190133899050        8.4744803574151799        8.6783930612705706        9.8246193415621370     
   437267.29770253383        447593.39254373731        460263.51127468998        18448.976561742897        28775.071402946400        41445.190133899050        9.5519895976216436        9.6272247942375735        9.7541547353675107     
   514994.75546764705        525320.85030885052        537990.96903980325        18448.976561742897        28775.071402946400        41445.190133899050        10.620122313671787        10.254023771339019        9.2379163808861300     
   603069.91021914675        613396.00506035017        626066.12379130290        18448.976561742897        28775.071402946400        41445.190133899050        13.547997088437992        9.1851687443297987        9.2817826931858640     
   702372.78015604883        712698.87499725225        725368.99372820498        18448.976561742897        28775.071402946400        41445.190133899050        11.226694101508476        13.285995665215102        12.786153276612533     
   813819.30258753314        824145.39742873656        836815.51615968929        18448.976561742897        28775.071402946400        41445.190133899050        12.140344781674896        11.292647462276989        9.7992962550528357     
   938361.33393294329        948687.42877414671        961357.54750509944        18448.976561742897        28775.071402946400        41445.190133899050        14.263328582612823        17.351098680580019        9.9897159350713416     
   1076986.6497217864        1087312.7445629900        1099982.8632939425        18448.976561742897        28775.071402946400        41445.190133899050        15.792293158672701        17.099476217993832        11.253460219477427     
   1230718.9445937350        1241045.0394349387        1253715.1581658912        18448.976561742897        28775.071402946400        41445.190133899050        18.677757212559065        11.046728395060379        11.066965020573901     
   1400617.8322986232        1410943.9271398268        1423614.0458707793        18448.976561742897        28775.071402946400        41445.190133899050        19.240930795093714        10.951430041150784        11.215823045264351     
   1587778.8456964518        1598104.9405376555        1610775.0592686080        18448.976561742897        28775.071402946400        41445.190133899050        20.156361907179246        10.658611111112569        10.863384773661272     
   1793333.4367573834        1803659.5315985871        1816329.6503295396        18448.976561742897        28775.071402946400        41445.190133899050        18.249416995758363        15.851044613692734        13.198406240101452     
   2018448.9765617433        2028775.0714029470        2041445.1901338995        18448.976561742897        28775.071402946400        41445.190133899050        16.127040405272965        13.534035133956435        14.498759765623070     
