   18448.976561742897        28775.071402946400        41445.190133899050        18448.976561742897        28775.071402946400        41445.190133899050        6.6344451904296886E-003   6.1791992187499964E-002  0.51773956298831547     
   18450.473191333058        28776.568032536561        41446.686763489211        18448.976561742897        28775.071402946400        41445.190133899050        6.6344451904296886E-003   6.1595458984374948E-002  0.51758850097659681     
   18472.922635185503        28799.017476389006        41469.136207341660        18448.976561742897        28775.071402946400        41445.190133899050        6.7517852783203127E-003   6.2004699707031291E-002  0.51814453125003435     
   18570.203558546094        28896.298399749598        41566.417130702248        18448.976561742897        28775.071402946400        41445.190133899050        6.6710662841796917E-003   6.2565917968749982E-002  0.52070442199709199     
   18832.113736824613        29158.208578028116        41828.327308980763        18448.976561742897        28775.071402946400        41445.190133899050        7.1081542968750022E-003   6.2604980468749891E-002  0.49684326171875570     
   19384.370055594743        29710.464896798247        42380.583627750893        18448.976561742897        28775.071402946400        41445.190133899050        7.2822570800781319E-003   6.5895690917968819E-002  0.51003906250002529     
   20388.608510594084        30714.703351797587        43384.822082750237        18448.976561742897        28775.071402946400        41445.190133899050        8.2585144042968163E-003   7.0185546874999699E-002  0.53652465820312378     
   22042.384207724150        32368.479048927649        45038.597779880300        18448.976561742897        28775.071402946400        41445.190133899050        9.1821289062081410E-003   7.2226562499999702E-002  0.55144775390625189     
   24579.171363050355        34905.266204253858        47575.384935206508        18448.976561742897        28775.071402946400        41445.190133899050        8.6975860595703176E-003   7.6984252929682528E-002  0.56783508300780305     
   28268.363302802034        38594.458144005534        51264.576874958184        18448.976561742897        28775.071402946400        41445.190133899050        9.2596435546998587E-003   8.3021850585940443E-002  0.59774658203125330     
   33415.272463372428        43741.367304575935        56411.486035528578        18448.976561742897        28775.071402946400        41445.190133899050        1.0887260437049295E-002   9.2646484375002225E-002  0.64289512634277501     
   40361.130391318693        50687.225232522193        63357.343963474850        18448.976561742897        28775.071402946400        41445.190133899050        1.2120361328154337E-002  0.10543945312499980       0.70316162109374591     
   49483.087743361903        59809.182584565409        72479.301315518067        18448.976561742897        28775.071402946400        41445.190133899050        1.4887437820435575E-002  0.12920125961303308       0.79169677734374599     
   61194.214286387010        71520.309127590517        84190.427858543175        18448.976561742897        28775.071402946400        41445.190133899050        1.9036102294922072E-002  0.17478515624997659       0.93539062500000325     
   75943.498897442914        86269.593738646421        98939.712469599064        18448.976561742897        28775.071402946400        41445.190133899050        2.8476562499997096E-002  0.26746707916259127        1.7429658386202613     
   94215.849563742406        104541.94440494591        117212.06313589856        18448.976561742897        28775.071402946400        41445.190133899050       0.29760973043840933       0.85378614218956428        2.8724317522576595     
   116532.09338266221        126858.18822386571        139528.30695481837        18448.976561742897        28775.071402946400        41445.190133899050       0.73319149734220879        1.5581387531436313        4.0353273069559128     
   143448.97656174292        153775.07140294643        166445.19013389907        18448.976561742897        28775.071402946400        41445.190133899050        1.9660955361223336        2.6518362054183946        5.2056580789895417     
   175559.16441868906        185885.25925989257        198555.37799084521        18448.976561742897        28775.071402946400        41445.190133899050        2.8222239369001061        4.3508274034069130        6.4815533391747158     
   213491.24138136912        223817.33622257263        236487.45495352527        18448.976561742897        28775.071402946400        41445.190133899050        4.4245478966620846        5.9172603063238114        7.6778439000338858     
   257909.71098781540        268235.80582901894        280905.92455997155        18448.976561742897        28775.071402946400        41445.190133899050        6.4309104938265627        6.8452283617203751        9.5656340020567914     
   309514.99588622421        319841.09072742774        332511.20945838036        18448.976561742897        28775.071402946400        41445.190133899050        7.6132064471873173        9.3888168724266787        10.964134516459273     
   369043.43783495564        379369.53267615917        392039.65140711179        18448.976561742897        28775.071402946400        41445.190133899050        9.0395900967831242        10.270919495884030        9.9482407407396245     
   437267.29770253383        447593.39254373731        460263.51127468998        18448.976561742897        28775.071402946400        41445.190133899050        9.8678332190213176        9.7139531892996960        10.247862797209562     
   514994.75546764705        525320.85030885052        537990.96903980325        18448.976561742897        28775.071402946400        41445.190133899050        10.854588477365107        10.234485198754411        9.1980501257433520     
   603069.91021914675        613396.00506035017        626066.12379130290        18448.976561742897        28775.071402946400        41445.190133899050        10.293279463876365        9.3828757553546644        10.053768004114490     
   702372.78015604883        712698.87499725225        725368.99372820498        18448.976561742897        28775.071402946400        41445.190133899050        11.048158436214038        13.549304993061057        11.330357032661032     
   813819.30258753314        824145.39742873656        836815.51615968929        18448.976561742897        28775.071402946400        41445.190133899050        13.511857724546200        11.018251028806311        9.7437175727200085     
   938361.33393294329        948687.42877414671        961357.54750509944        18448.976561742897        28775.071402946400        41445.190133899050        19.210092436908198        16.933205806043009        11.244999999999328     
   1076986.6497217864        1087312.7445629900        1099982.8632939425        18448.976561742897        28775.071402946400        41445.190133899050        15.554247891184176        11.061100823044915        20.061654663083118     
   1230718.9445937350        1241045.0394349387        1253715.1581658912        18448.976561742897        28775.071402946400        41445.190133899050        24.476731972529045        10.828158436212677        22.141120605462081     
   1400617.8322986232        1410943.9271398268        1423614.0458707793        18448.976561742897        28775.071402946400        41445.190133899050        22.909095212833169        10.912993827158180        20.960605468745694     
   1587778.8456964518        1598104.9405376555        1610775.0592686080        18448.976561742897        28775.071402946400        41445.190133899050        26.085772933100429        21.425528756903315        22.406498413080570     
   1793333.4367573834        1803659.5315985871        1816329.6503295396        18448.976561742897        28775.071402946400        41445.190133899050        27.552031879549645        20.751990966796452        13.302908983586674     
   2018448.9765617433        2028775.0714029470        2041445.1901338995        18448.976561742897        28775.071402946400        41445.190133899050        18.418331909179006        14.099793518940704        16.065811157223941     
