   14293.679765729619        23483.033861621527        34697.905635905918        14293.679765729619        23483.033861621527        34697.905635905918        0.0000000000000000        0.0000000000000000        0.0000000000000000     
   14345.741406712543        23535.095502604450        34749.967276888841        14293.679765729619        23483.033861621527        34697.905635905918        0.0000000000000000        0.0000000000000000        0.0000000000000000     
   15126.666021456400        24316.020117348307        35530.891891632695        14293.679765729619        23483.033861621527        34697.905635905918        0.0000000000000000        0.0000000000000000        0.0000000000000000     
   18510.672685346442        27700.026781238354        38914.898555522741        14293.679765729619        23483.033861621527        34697.905635905918        0.0000000000000000        0.0000000000000000        0.0000000000000000     
   27621.459857358106        36810.813953250014        48025.685727534408        14293.679765729619        23483.033861621527        34697.905635905918        0.0000000000000000        0.0000000000000000        0.0000000000000000     
   46832.205380056985        56021.559475948889        67236.431250233290        14293.679765729619        23483.033861621527        34697.905635905918        0.0000000000000000        0.0000000000000000        0.0000000000000000     
   81765.566479598812        90954.920575490731        102169.79234977512        14293.679765729619        23483.033861621527        34697.905635905918        0.0000000000000000       0.99999958704845304       0.99999933877746061     
   139293.67976572964        148483.03386162154        159697.90563590595        14293.679765729619        23483.033861621527        34697.905635905918       0.99998507801779091       0.99999756944443341       0.99995153558906280     
   227538.16123178540        236727.51532767731        247942.38710196171        14293.679765729619        23483.033861621527        34697.905635905918       0.91243445930495493       0.97963621399169909       0.87662013031541819     
   355870.10625469248        365059.46035058436        376274.33212486876        14293.679765729619        23483.033861621527        34697.905635905918       0.94999809942165625       0.86128662551439816       0.90352901234564853     
   534910.08959496743        544099.44369085936        555314.31546514377        14293.679765729619        23483.033861621527        34697.905635905918       0.82292551440329198       0.82242038497675984        0.0000000000000000     
   776528.16539671656        785717.51949260850        796932.39126689290        14293.679765729619        23483.033861621527        34697.905635905918       0.69597396833365155       0.70105130629401013        0.0000000000000000     
   1093843.8671876369        1103033.2212835287        1114248.0930578131        14293.679765729619        23483.033861621527        34697.905635905918       0.66652621252625466        0.0000000000000000       0.25763577865044562     
   1501226.2078790157        1510415.5619749075        1521630.4337491919        14293.679765729619        23483.033861621527        34697.905635905918       0.53223280913800608        0.0000000000000000       0.39774646223366933     
   2014293.6797657302        2023483.0338616220        2034697.9056359064        14293.679765729619        23483.033861621527        34697.905635905918        0.0000000000000000       0.20379967035584162        0.0000000000000000     
