   18448.976561742897        28775.071402946400        41445.190133899050        18448.976561742897        28775.071402946400        41445.190133899050        0.0000000000000000       0.91698222450845035       0.99998861454035581     
   18450.473191333058        28776.568032536561        41446.686763489211        18448.976561742897        28775.071402946400        41445.190133899050        0.0000000000000000       0.91784510745312586       0.99999139231807765     
   18472.922635185503        28799.017476389006        41469.136207341660        18448.976561742897        28775.071402946400        41445.190133899050        0.0000000000000000       0.91377072759487021       0.99997596021932966     
   18570.203558546094        28896.298399749598        41566.417130702248        18448.976561742897        28775.071402946400        41445.190133899050        0.0000000000000000       0.91470321073388461       0.99999679355280513     
   18832.113736824613        29158.208578028116        41828.327308980763        18448.976561742897        28775.071402946400        41445.190133899050        0.0000000000000000       0.91379936842707166       0.99050531169020950     
   19384.370055594743        29710.464896798247        42380.583627750893        18448.976561742897        28775.071402946400        41445.190133899050        0.0000000000000000       0.98136944444434182       0.99999470164604021     
   20388.608510594084        30714.703351797587        43384.822082750237        18448.976561742897        28775.071402946400        41445.190133899050        0.0000000000000000       0.96139552659652050       0.99999963991762253     
   22042.384207724150        32368.479048927649        45038.597779880300        18448.976561742897        28775.071402946400        41445.190133899050        0.0000000000000000       0.99999614197514286       0.99999591049384540     
   24579.171363050355        34905.266204253858        47575.384935206508        18448.976561742897        28775.071402946400        41445.190133899050        0.0000000000000000       0.99999798811155460       0.99999533512418637     
   28268.363302802034        38594.458144005534        51264.576874958184        18448.976561742897        28775.071402946400        41445.190133899050        0.0000000000000000       0.99997777777772945       0.99999966885286562     
   33415.272463372428        43741.367304575935        56411.486035528578        18448.976561742897        28775.071402946400        41445.190133899050        0.0000000000000000       0.95496477321792084       0.99999935497153425     
   40361.130391318693        50687.225232522193        63357.343963474850        18448.976561742897        28775.071402946400        41445.190133899050        0.0000000000000000       0.99999904613108725       0.99999419152942037     
   49483.087743361903        59809.182584565409        72479.301315518067        18448.976561742897        28775.071402946400        41445.190133899050       0.99997592592580520       0.98954581650396756       0.99616367741189260     
   61194.214286387010        71520.309127590517        84190.427858543175        18448.976561742897        28775.071402946400        41445.190133899050       0.99999922648986894       0.99999752157625443       0.99098415637853321     
   75943.498897442914        86269.593738646421        98939.712469599064        18448.976561742897        28775.071402946400        41445.190133899050       0.99999998285322533       0.99999710409997578       0.99995072016459652     
   94215.849563742406        104541.94440494591        117212.06313589856        18448.976561742897        28775.071402946400        41445.190133899050       0.99999652110955006       0.99999478952331722       0.99998580246913682     
   116532.09338266221        126858.18822386571        139528.30695481837        18448.976561742897        28775.071402946400        41445.190133899050       0.99999780949925987       0.99996729220642000       0.99997067901233505     
   143448.97656174292        153775.07140294643        166445.19013389907        18448.976561742897        28775.071402946400        41445.190133899050       0.99997085619567239       0.99999778806574979       0.99999719935981246     
   175559.16441868906        185885.25925989257        198555.37799084521        18448.976561742897        28775.071402946400        41445.190133899050       0.99999403292178890       0.99999515746443191       0.97998197588015856     
   213491.24138136912        223817.33622257263        236487.45495352527        18448.976561742897        28775.071402946400        41445.190133899050       0.99997784636485454       0.99999900977365552       0.99999667066756559     
   257909.71098781540        268235.80582901894        280905.92455997155        18448.976561742897        28775.071402946400        41445.190133899050       0.97713995198908077       0.99999999999996625       0.99999749657056625     
   309514.99588622421        319841.09072742774        332511.20945838036        18448.976561742897        28775.071402946400        41445.190133899050       0.93664666780977324       0.99999975851604250       0.99998875457246550     
   369043.43783495564        379369.53267615917        392039.65140711179        18448.976561742897        28775.071402946400        41445.190133899050       0.85506860758649716       0.99999867112477614       0.99995185185182645     
   437267.29770253383        447593.39254373731        460263.51127468998        18448.976561742897        28775.071402946400        41445.190133899050       0.82972576525431163       0.95110425240053487       0.99992530864187068     
   514994.75546764705        525320.85030885052        537990.96903980325        18448.976561742897        28775.071402946400        41445.190133899050       0.74315904927770071       0.88170686013946187       0.96905731976825471     
   603069.91021914675        613396.00506035017        626066.12379130290        18448.976561742897        28775.071402946400        41445.190133899050       0.72356159175618695       0.83891008595618100       0.91880285208047729     
   702372.78015604883        712698.87499725225        725368.99372820498        18448.976561742897        28775.071402946400        41445.190133899050       0.71668677471092990       0.75894533512422802       0.86021175381752535     
   813819.30258753314        824145.39742873656        836815.51615968929        18448.976561742897        28775.071402946400        41445.190133899050       0.69311868998634640       0.73546539456246418       0.80562585336978021     
   938361.33393294329        948687.42877414671        961357.54750509944        18448.976561742897        28775.071402946400        41445.190133899050       0.69885941852881139       0.69147873861666154       0.73698239845398683     
   1076986.6497217864        1087312.7445629900        1099982.8632939425        18448.976561742897        28775.071402946400        41445.190133899050       0.69197180855835139       0.64679749700049971       0.71109576175330180     
   1230718.9445937350        1241045.0394349387        1253715.1581658912        18448.976561742897        28775.071402946400        41445.190133899050       0.56432707929409132       0.70366543209883148       0.64518705097346984     
   1400617.8322986232        1410943.9271398268        1423614.0458707793        18448.976561742897        28775.071402946400        41445.190133899050       0.65568304426337576       0.67601495198898787       0.69310823108043762     
   1587778.8456964518        1598104.9405376555        1610775.0592686080        18448.976561742897        28775.071402946400        41445.190133899050       0.49735727257644907       0.68471316872422749       0.42731441273879378     
   1793333.4367573834        1803659.5315985871        1816329.6503295396        18448.976561742897        28775.071402946400        41445.190133899050       0.68528998628247961       0.25197637618757596       0.66888345369644153     
   2018448.9765617433        2028775.0714029470        2041445.1901338995        18448.976561742897        28775.071402946400        41445.190133899050       0.67383183203788943       0.68182512510781390       0.18051735041423281     
