   18448.976561742897        28775.071402946400        41445.190133899050        18448.976561742897        28775.071402946400        41445.190133899050        0.0000000000000000       0.93250318930040021       0.99280944533365501     
   18450.473191333058        28776.568032536561        41446.686763489211        18448.976561742897        28775.071402946400        41445.190133899050        0.0000000000000000       0.93225725189565600       0.99673124333183061     
   18472.922635185503        28799.017476389006        41469.136207341660        18448.976561742897        28775.071402946400        41445.190133899050        0.0000000000000000       0.95576887860082527       0.99324581618658458     
   18570.203558546094        28896.298399749598        41566.417130702248        18448.976561742897        28775.071402946400        41445.190133899050        0.0000000000000000       0.96340811995119102       0.99998477366246163     
   18832.113736824613        29158.208578028116        41828.327308980763        18448.976561742897        28775.071402946400        41445.190133899050        0.0000000000000000       0.98739953703703132       0.99994281550065145     
   19384.370055594743        29710.464896798247        42380.583627750893        18448.976561742897        28775.071402946400        41445.190133899050        0.0000000000000000       0.97246982738917742       0.98181419753081711     
   20388.608510594084        30714.703351797587        43384.822082750237        18448.976561742897        28775.071402946400        41445.190133899050        0.0000000000000000       0.98932750342926667       0.99021172839501392     
   22042.384207724150        32368.479048927649        45038.597779880300        18448.976561742897        28775.071402946400        41445.190133899050        0.0000000000000000       0.99999860277589336       0.99997924597048882     
   24579.171363050355        34905.266204253858        47575.384935206508        18448.976561742897        28775.071402946400        41445.190133899050        0.0000000000000000       0.99997768632819795       0.99998385281713598     
   28268.363302802034        38594.458144005534        51264.576874958184        18448.976561742897        28775.071402946400        41445.190133899050        0.0000000000000000       0.99999924014370900       0.99999992283946737     
   33415.272463372428        43741.367304575935        56411.486035528578        18448.976561742897        28775.071402946400        41445.190133899050        0.0000000000000000       0.99999814814801224       0.95795610838021339     
   40361.130391318693        50687.225232522193        63357.343963474850        18448.976561742897        28775.071402946400        41445.190133899050        0.0000000000000000       0.96416730062093847       0.99994094650199039     
   49483.087743361903        59809.182584565409        72479.301315518067        18448.976561742897        28775.071402946400        41445.190133899050       0.99999869255829421       0.96840831737712230       0.97258983190852322     
   61194.214286387010        71520.309127590517        84190.427858543175        18448.976561742897        28775.071402946400        41445.190133899050       0.99999996443631423       0.99999955632710869       0.96624517032448998     
   75943.498897442914        86269.593738646421        98939.712469599064        18448.976561742897        28775.071402946400        41445.190133899050       0.99999683356192182       0.99999634773662360       0.99999371570634299     
   94215.849563742406        104541.94440494591        117212.06313589856        18448.976561742897        28775.071402946400        41445.190133899050       0.99994562757200889       0.99999838693288678       0.99999548182440190     
   116532.09338266221        126858.18822386571        139528.30695481837        18448.976561742897        28775.071402946400        41445.190133899050       0.99999932270229719       0.99934005486961464       0.99999454732507886     
   143448.97656174292        153775.07140294643        166445.19013389907        18448.976561742897        28775.071402946400        41445.190133899050       0.99739239222928344       0.99998830161177810       0.99999585619570164     
   175559.16441868906        185885.25925989257        198555.37799084521        18448.976561742897        28775.071402946400        41445.190133899050       0.99999796524917528       0.99996796220085060       0.99999708742945659     
   213491.24138136912        223817.33622257263        236487.45495352527        18448.976561742897        28775.071402946400        41445.190133899050       0.99997598308185953       0.99999382716046781       0.99999435442382700     
   257909.71098781540        268235.80582901894        280905.92455997155        18448.976561742897        28775.071402946400        41445.190133899050       0.97169688690737110       0.99999999999996003       0.99999513031547815     
   309514.99588622421        319841.09072742774        332511.20945838036        18448.976561742897        28775.071402946400        41445.190133899050       0.94819387034494940       0.99999565329217188       0.99992507716049239     
   369043.43783495564        379369.53267615917        392039.65140711179        18448.976561742897        28775.071402946400        41445.190133899050       0.86459463993897268       0.99142976680387374       0.99998703703701941     
   437267.29770253383        447593.39254373731        460263.51127468998        18448.976561742897        28775.071402946400        41445.190133899050       0.81694077122393427       0.95874929984002843       0.99990555555548810     
   514994.75546764705        525320.85030885052        537990.96903980325        18448.976561742897        28775.071402946400        41445.190133899050       0.77557453703707957       0.88463962937559271       0.97845185185175210     
   603069.91021914675        613396.00506035017        626066.12379130290        18448.976561742897        28775.071402946400        41445.190133899050       0.72787673944523335       0.81746666827098502       0.92126087007387802     
   702372.78015604883        712698.87499725225        725368.99372820498        18448.976561742897        28775.071402946400        41445.190133899050       0.65925957648423306       0.76108935976976455       0.86120684473911757     
   813819.30258753314        824145.39742873656        836815.51615968929        18448.976561742897        28775.071402946400        41445.190133899050       0.64670173949086474       0.73614307651274546       0.79596383538213400     
   938361.33393294329        948687.42877414671        961357.54750509944        18448.976561742897        28775.071402946400        41445.190133899050       0.72215388088710941       0.72697910951070599       0.74078876491591583     
   1076986.6497217864        1087312.7445629900        1099982.8632939425        18448.976561742897        28775.071402946400        41445.190133899050       0.69808614286911708       0.67984320987654601       0.71647776195483759     
   1230718.9445937350        1241045.0394349387        1253715.1581658912        18448.976561742897        28775.071402946400        41445.190133899050       0.68613729299364945       0.67887531834198434       0.64674814857805241     
   1400617.8322986232        1410943.9271398268        1423614.0458707793        18448.976561742897        28775.071402946400        41445.190133899050       0.68291723502470891       0.52137074025745889       0.68767962962958717     
   1587778.8456964518        1598104.9405376555        1610775.0592686080        18448.976561742897        28775.071402946400        41445.190133899050       0.72701702198599716       0.56049657784738549       0.70089619341567977     
   1793333.4367573834        1803659.5315985871        1816329.6503295396        18448.976561742897        28775.071402946400        41445.190133899050       0.66796255144025218       0.41779814700703782       0.25247528299827965     
   2018448.9765617433        2028775.0714029470        2041445.1901338995        18448.976561742897        28775.071402946400        41445.190133899050       0.17336909198293263       0.66793800487740096       0.68467720621840555     
