   18448.976561742897        28775.071402946400        41445.190133899050        18448.976561742897        28775.071402946400        41445.190133899050        0.0000000000000000        0.0000000000000000       0.99998595582541827     
   18450.473191333058        28776.568032536561        41446.686763489211        18448.976561742897        28775.071402946400        41445.190133899050        0.0000000000000000        0.0000000000000000       0.99991283770260497     
   18472.922635185503        28799.017476389006        41469.136207341660        18448.976561742897        28775.071402946400        41445.190133899050        0.0000000000000000        0.0000000000000000       0.99996592102966764     
   18570.203558546094        28896.298399749598        41566.417130702248        18448.976561742897        28775.071402946400        41445.190133899050        0.0000000000000000        0.0000000000000000       0.99999713256428158     
   18832.113736824613        29158.208578028116        41828.327308980763        18448.976561742897        28775.071402946400        41445.190133899050        0.0000000000000000        0.0000000000000000       0.99995488125135590     
   19384.370055594743        29710.464896798247        42380.583627750893        18448.976561742897        28775.071402946400        41445.190133899050        0.0000000000000000        0.0000000000000000       0.99999606148149645     
   20388.608510594084        30714.703351797587        43384.822082750237        18448.976561742897        28775.071402946400        41445.190133899050        0.0000000000000000        0.0000000000000000       0.99997987847709369     
   22042.384207724150        32368.479048927649        45038.597779880300        18448.976561742897        28775.071402946400        41445.190133899050        0.0000000000000000        0.0000000000000000       0.99998928622033989     
   24579.171363050355        34905.266204253858        47575.384935206508        18448.976561742897        28775.071402946400        41445.190133899050        0.0000000000000000        0.0000000000000000       0.99999536693286784     
   28268.363302802034        38594.458144005534        51264.576874958184        18448.976561742897        28775.071402946400        41445.190133899050        0.0000000000000000        0.0000000000000000       0.99997007338939747     
   33415.272463372428        43741.367304575935        56411.486035528578        18448.976561742897        28775.071402946400        41445.190133899050        0.0000000000000000        0.0000000000000000       0.99997299328983891     
   40361.130391318693        50687.225232522193        63357.343963474850        18448.976561742897        28775.071402946400        41445.190133899050        0.0000000000000000        0.0000000000000000       0.99999195582132150     
   49483.087743361903        59809.182584565409        72479.301315518067        18448.976561742897        28775.071402946400        41445.190133899050       0.99999999807710527        0.0000000000000000       0.99999651273199341     
   61194.214286387010        71520.309127590517        84190.427858543175        18448.976561742897        28775.071402946400        41445.190133899050       0.97634911485107534        0.0000000000000000       0.99995530391259990     
   75943.498897442914        86269.593738646421        98939.712469599064        18448.976561742897        28775.071402946400        41445.190133899050       0.50766648377475598       0.66675314682801579       0.93850757942384266     
   94215.849563742406        104541.94440494591        117212.06313589856        18448.976561742897        28775.071402946400        41445.190133899050       0.30714046083729640       0.76819598405567935       0.89377068092540179     
   116532.09338266221        126858.18822386571        139528.30695481837        18448.976561742897        28775.071402946400        41445.190133899050       0.26863741767772742       0.65605758873910403       0.83971716982395517     
   143448.97656174292        153775.07140294643        166445.19013389907        18448.976561742897        28775.071402946400        41445.190133899050       0.24014327990012613       0.50284399881593145       0.64947435324279068     
   175559.16441868906        185885.25925989257        198555.37799084521        18448.976561742897        28775.071402946400        41445.190133899050       0.21863373181774418       0.53601492465932887       0.56321683547168466     
   213491.24138136912        223817.33622257263        236487.45495352527        18448.976561742897        28775.071402946400        41445.190133899050       0.20205870492091768       0.54120901745544014       0.43430900629368413     
   257909.71098781540        268235.80582901894        280905.92455997155        18448.976561742897        28775.071402946400        41445.190133899050       0.18903030487649336       0.46451403263980884       0.36300332791835321     
   309514.99588622421        319841.09072742774        332511.20945838036        18448.976561742897        28775.071402946400        41445.190133899050       0.17825890115289844       0.39967978717373831       0.40691157444542836     
   369043.43783495564        379369.53267615917        392039.65140711179        18448.976561742897        28775.071402946400        41445.190133899050       0.16827057861829425       0.34117110214513202       0.45586134960562785     
   437267.29770253383        447593.39254373731        460263.51127468998        18448.976561742897        28775.071402946400        41445.190133899050       0.15681262908736518       0.27997929995657234       0.40973699822716686     
   514994.75546764705        525320.85030885052        537990.96903980325        18448.976561742897        28775.071402946400        41445.190133899050       0.14010827564035500       0.21321144290285068       0.31394376028815446     
   603069.91021914675        613396.00506035017        626066.12379130290        18448.976561742897        28775.071402946400        41445.190133899050       0.10935076348757282       0.15207663221469506       0.32980684402675836     
   702372.78015604883        712698.87499725225        725368.99372820498        18448.976561742897        28775.071402946400        41445.190133899050       5.98916183044249026E-002  0.18746465584677385       0.55011029169587189     
   813819.30258753314        824145.39742873656        836815.51615968929        18448.976561742897        28775.071402946400        41445.190133899050        0.0000000000000000       0.48084184311684797       0.60889107935797060     
   938361.33393294329        948687.42877414671        961357.54750509944        18448.976561742897        28775.071402946400        41445.190133899050       0.33032341541798504       0.61100831976784520       0.63100548475572626     
   1076986.6497217864        1087312.7445629900        1099982.8632939425        18448.976561742897        28775.071402946400        41445.190133899050       0.41256790770167628       0.67256734729740342       0.65149768834211563     
   1230718.9445937350        1241045.0394349387        1253715.1581658912        18448.976561742897        28775.071402946400        41445.190133899050       0.56110486316816677       0.67606866662556209       0.65345942053049222     
   1400617.8322986232        1410943.9271398268        1423614.0458707793        18448.976561742897        28775.071402946400        41445.190133899050       0.65002559520622394       0.66364210598341200       0.68203635454916200     
   1587778.8456964518        1598104.9405376555        1610775.0592686080        18448.976561742897        28775.071402946400        41445.190133899050       0.60572135806712213       0.67047030317688405       0.71753481980211498     
   1793333.4367573834        1803659.5315985871        1816329.6503295396        18448.976561742897        28775.071402946400        41445.190133899050       0.55181618536617427       0.62194125074266371       0.63310760652318376     
   2018448.9765617433        2028775.0714029470        2041445.1901338995        18448.976561742897        28775.071402946400        41445.190133899050       0.18057821600756233       0.18302369015844672       0.14460534032966921     
