   18448.976561742897        28775.071402946400        41445.190133899050        18448.976561742897        28775.071402946400        41445.190133899050        0.0000000000000000        0.0000000000000000        0.0000000000000000     
   18450.473191333058        28776.568032536561        41446.686763489211        18448.976561742897        28775.071402946400        41445.190133899050        0.0000000000000000        0.0000000000000000        0.0000000000000000     
   18472.922635185503        28799.017476389006        41469.136207341660        18448.976561742897        28775.071402946400        41445.190133899050        0.0000000000000000        0.0000000000000000        0.0000000000000000     
   18570.203558546094        28896.298399749598        41566.417130702248        18448.976561742897        28775.071402946400        41445.190133899050        0.0000000000000000        0.0000000000000000        0.0000000000000000     
   18832.113736824613        29158.208578028116        41828.327308980763        18448.976561742897        28775.071402946400        41445.190133899050        0.0000000000000000        0.0000000000000000        0.0000000000000000     
   19384.370055594743        29710.464896798247        42380.583627750893        18448.976561742897        28775.071402946400        41445.190133899050        0.0000000000000000        0.0000000000000000        0.0000000000000000     
   20388.608510594084        30714.703351797587        43384.822082750237        18448.976561742897        28775.071402946400        41445.190133899050        0.0000000000000000        0.0000000000000000        0.0000000000000000     
   22042.384207724150        32368.479048927649        45038.597779880300        18448.976561742897        28775.071402946400        41445.190133899050        0.0000000000000000        0.0000000000000000        0.0000000000000000     
   24579.171363050355        34905.266204253858        47575.384935206508        18448.976561742897        28775.071402946400        41445.190133899050        0.0000000000000000        0.0000000000000000        0.0000000000000000     
   28268.363302802034        38594.458144005534        51264.576874958184        18448.976561742897        28775.071402946400        41445.190133899050        0.0000000000000000        0.0000000000000000        0.0000000000000000     
   33415.272463372428        43741.367304575935        56411.486035528578        18448.976561742897        28775.071402946400        41445.190133899050        0.0000000000000000        0.0000000000000000        0.0000000000000000     
   40361.130391318693        50687.225232522193        63357.343963474850        18448.976561742897        28775.071402946400        41445.190133899050        0.0000000000000000        0.0000000000000000        0.0000000000000000     
   49483.087743361903        59809.182584565409        72479.301315518067        18448.976561742897        28775.071402946400        41445.190133899050        0.0000000000000000        0.0000000000000000        0.0000000000000000     
   61194.214286387010        71520.309127590517        84190.427858543175        18448.976561742897        28775.071402946400        41445.190133899050        0.0000000000000000        0.0000000000000000        0.0000000000000000     
   75943.498897442914        86269.593738646421        98939.712469599064        18448.976561742897        28775.071402946400        41445.190133899050        0.0000000000000000        0.0000000000000000       0.96731814248005232     
   94215.849563742406        104541.94440494591        117212.06313589856        18448.976561742897        28775.071402946400        41445.190133899050       0.99999960133732402       0.99999799382714283       0.99999649062635187     
   116532.09338266221        126858.18822386571        139528.30695481837        18448.976561742897        28775.071402946400        41445.190133899050       0.99999830246913168       0.99999701074529024       0.99998981481481364     
   143448.97656174292        153775.07140294643        166445.19013389907        18448.976561742897        28775.071402946400        41445.190133899050       0.99999336419750651       0.99997983539084934       0.99999886259711168     
   175559.16441868906        185885.25925989257        198555.37799084521        18448.976561742897        28775.071402946400        41445.190133899050       0.99271214531569840       0.99999727794917170       0.99999104938265737     
   213491.24138136912        223817.33622257263        236487.45495352527        18448.976561742897        28775.071402946400        41445.190133899050       0.99999664351848261       0.99997037037034597       0.99999381811073262     
   257909.71098781540        268235.80582901894        280905.92455997155        18448.976561742897        28775.071402946400        41445.190133899050       0.99996289437581409       0.99999895190328791       0.99999629629626741     
   309514.99588622421        319841.09072742774        332511.20945838036        18448.976561742897        28775.071402946400        41445.190133899050       0.99992023319612766       0.99999930555554539       0.99999259259256701     
   369043.43783495564        379369.53267615917        392039.65140711179        18448.976561742897        28775.071402946400        41445.190133899050       0.97551195638364607       0.99999907994842618       0.99999336419751650     
   437267.29770253383        447593.39254373731        460263.51127468998        18448.976561742897        28775.071402946400        41445.190133899050       0.92249148729554353       0.99769354138073052       0.99999589477591533     
   514994.75546764705        525320.85030885052        537990.96903980325        18448.976561742897        28775.071402946400        41445.190133899050       0.89478276811158142       0.95808398872116107       0.99998724279832962     
   603069.91021914675        613396.00506035017        626066.12379130290        18448.976561742897        28775.071402946400        41445.190133899050       0.84479750419144262       0.94394667772613017       0.99997112197062221     
   702372.78015604883        712698.87499725225        725368.99372820498        18448.976561742897        28775.071402946400        41445.190133899050       0.81794184575528417       0.91587966735816628       0.94829230300253387     
   813819.30258753314        824145.39742873656        836815.51615968929        18448.976561742897        28775.071402946400        41445.190133899050       0.76269525777344638       0.86183643405310284       0.94092020148562949     
   938361.33393294329        948687.42877414671        961357.54750509944        18448.976561742897        28775.071402946400        41445.190133899050       0.74705564986293760       0.82139573426311896       0.91339930567120231     
   1076986.6497217864        1087312.7445629900        1099982.8632939425        18448.976561742897        28775.071402946400        41445.190133899050       0.72228372151709208       0.78709912829313933       0.84971666293997483     
   1230718.9445937350        1241045.0394349387        1253715.1581658912        18448.976561742897        28775.071402946400        41445.190133899050       0.70884589620486615       0.73549190585375734       0.81591780978513018     
   1400617.8322986232        1410943.9271398268        1423614.0458707793        18448.976561742897        28775.071402946400        41445.190133899050       0.69727201646087289       0.71454648014782063       0.73437987861147680     
   1587778.8456964518        1598104.9405376555        1610775.0592686080        18448.976561742897        28775.071402946400        41445.190133899050       0.68732613168719359       0.70984102747280486       0.69533868312749869     
   1793333.4367573834        1803659.5315985871        1816329.6503295396        18448.976561742897        28775.071402946400        41445.190133899050       0.45866314727090435       0.49862968405116903       0.68072633744844047     
   2018448.9765617433        2028775.0714029470        2041445.1901338995        18448.976561742897        28775.071402946400        41445.190133899050       0.21885970490321260       0.21260426447143024       0.19849919802823349     
