   18448.976561742897        28775.071402946400        41445.190133899050        18448.976561742897        28775.071402946400        41445.190133899050        0.0000000000000000        0.0000000000000000        0.0000000000000000     
   18450.473191333058        28776.568032536561        41446.686763489211        18448.976561742897        28775.071402946400        41445.190133899050        0.0000000000000000        0.0000000000000000        0.0000000000000000     
   18472.922635185503        28799.017476389006        41469.136207341660        18448.976561742897        28775.071402946400        41445.190133899050        0.0000000000000000        0.0000000000000000        0.0000000000000000     
   18570.203558546094        28896.298399749598        41566.417130702248        18448.976561742897        28775.071402946400        41445.190133899050        0.0000000000000000        0.0000000000000000        0.0000000000000000     
   18832.113736824613        29158.208578028116        41828.327308980763        18448.976561742897        28775.071402946400        41445.190133899050        0.0000000000000000        0.0000000000000000        0.0000000000000000     
   19384.370055594743        29710.464896798247        42380.583627750893        18448.976561742897        28775.071402946400        41445.190133899050        0.0000000000000000        0.0000000000000000        0.0000000000000000     
   20388.608510594084        30714.703351797587        43384.822082750237        18448.976561742897        28775.071402946400        41445.190133899050        0.0000000000000000        0.0000000000000000        0.0000000000000000     
   22042.384207724150        32368.479048927649        45038.597779880300        18448.976561742897        28775.071402946400        41445.190133899050        0.0000000000000000        0.0000000000000000        0.0000000000000000     
   24579.171363050355        34905.266204253858        47575.384935206508        18448.976561742897        28775.071402946400        41445.190133899050        0.0000000000000000        0.0000000000000000        0.0000000000000000     
   28268.363302802034        38594.458144005534        51264.576874958184        18448.976561742897        28775.071402946400        41445.190133899050        0.0000000000000000        0.0000000000000000        0.0000000000000000     
   33415.272463372428        43741.367304575935        56411.486035528578        18448.976561742897        28775.071402946400        41445.190133899050        0.0000000000000000        0.0000000000000000        0.0000000000000000     
   40361.130391318693        50687.225232522193        63357.343963474850        18448.976561742897        28775.071402946400        41445.190133899050        0.0000000000000000        0.0000000000000000        0.0000000000000000     
   49483.087743361903        59809.182584565409        72479.301315518067        18448.976561742897        28775.071402946400        41445.190133899050        0.0000000000000000        0.0000000000000000        0.0000000000000000     
   61194.214286387010        71520.309127590517        84190.427858543175        18448.976561742897        28775.071402946400        41445.190133899050        0.0000000000000000        0.0000000000000000       0.99996124362814354     
   75943.498897442914        86269.593738646421        98939.712469599064        18448.976561742897        28775.071402946400        41445.190133899050        0.0000000000000000        0.0000000000000000       0.99999855752743338     
   94215.849563742406        104541.94440494591        117212.06313589856        18448.976561742897        28775.071402946400        41445.190133899050       0.99999924196956314       0.99999998070987539       0.99999756801554784     
   116532.09338266221        126858.18822386571        139528.30695481837        18448.976561742897        28775.071402946400        41445.190133899050       0.99999895994083365       0.99999723151004205       0.99999076860425118     
   143448.97656174292        153775.07140294643        166445.19013389907        18448.976561742897        28775.071402946400        41445.190133899050       0.99997520576127807       0.98541182841786557       0.99974248971188295     
   175559.16441868906        185885.25925989257        198555.37799084521        18448.976561742897        28775.071402946400        41445.190133899050       0.99999443999891147       0.99997982681744235       0.92001488340184079     
   213491.24138136912        223817.33622257263        236487.45495352527        18448.976561742897        28775.071402946400        41445.190133899050       0.95061783264740096       0.92391666666662664       0.99999862431517839     
   257909.71098781540        268235.80582901894        280905.92455997155        18448.976561742897        28775.071402946400        41445.190133899050       0.95227470421802773       0.94718641975309514       0.99999774874711245     
   309514.99588622421        319841.09072742774        332511.20945838036        18448.976561742897        28775.071402946400        41445.190133899050       0.86524485596704659       0.91049588477364918       0.99999787845150523     
   369043.43783495564        379369.53267615917        392039.65140711179        18448.976561742897        28775.071402946400        41445.190133899050       0.88799447429253719       0.84852744341561126       0.89366621513485922     
   437267.29770253383        447593.39254373731        460263.51127468998        18448.976561742897        28775.071402946400        41445.190133899050       0.82223755144029798       0.86164938271598224       0.99993680042240951     
   514994.75546764705        525320.85030885052        537990.96903980325        18448.976561742897        28775.071402946400        41445.190133899050       0.84977365874101685       0.90514490931250713       0.74720621859216108     
   603069.91021914675        613396.00506035017        626066.12379130290        18448.976561742897        28775.071402946400        41445.190133899050       0.68180140159022040        0.0000000000000000       0.90219763503582262     
   702372.78015604883        712698.87499725225        725368.99372820498        18448.976561742897        28775.071402946400        41445.190133899050        0.0000000000000000       0.97031222164027364       0.84721332876087885     
   813819.30258753314        824145.39742873656        836815.51615968929        18448.976561742897        28775.071402946400        41445.190133899050        0.0000000000000000        0.0000000000000000       0.76242790532556626     
   938361.33393294329        948687.42877414671        961357.54750509944        18448.976561742897        28775.071402946400        41445.190133899050        0.0000000000000000       0.44781906478095113       0.72924977009452208     
   1076986.6497217864        1087312.7445629900        1099982.8632939425        18448.976561742897        28775.071402946400        41445.190133899050        0.0000000000000000       0.40930016911804185       0.68158636371913173     
   1230718.9445937350        1241045.0394349387        1253715.1581658912        18448.976561742897        28775.071402946400        41445.190133899050        0.0000000000000000       0.73103676268852769       0.61267866047018582     
   1400617.8322986232        1410943.9271398268        1423614.0458707793        18448.976561742897        28775.071402946400        41445.190133899050        0.0000000000000000       0.72543662551440036       0.54627308074081737     
   1587778.8456964518        1598104.9405376555        1610775.0592686080        18448.976561742897        28775.071402946400        41445.190133899050        0.0000000000000000       0.45624819199120842       0.54177289978994558     
   1793333.4367573834        1803659.5315985871        1816329.6503295396        18448.976561742897        28775.071402946400        41445.190133899050        0.0000000000000000        0.0000000000000000       0.32568976151673373     
   2018448.9765617433        2028775.0714029470        2041445.1901338995        18448.976561742897        28775.071402946400        41445.190133899050        0.0000000000000000       0.28694986187319260       0.25279265524267724     
