           1   2.7318990764675517        1.7240104445297051       0.38991391890762517     
           2   2.3580162967787657        1.8085045658370067       0.40261554088369733     
           3   2.0790247434544100        1.7363935257021148       0.33334748807180192     
           4   1.8725472447518607        2.3915200290253491       0.56615819539139856     
           5   2.0921404695482315        1.4419367569838062       0.34330857098587425     
           6   1.8491617310034667        2.6745507594958231       0.56789384394281572     
           7   1.8323149577063587        1.3431951932432753       0.29237331645977127     
           8   1.7864371612618934        3.0783063184290365       0.56922130419882155     
           9   2.0947775041475247        2.1006583887001651       0.48001766945393148     
          10   2.1612315352841160        1.9495776380693031       0.39566217548471899     
          11   1.8949396423418954        2.1837768516907619       0.60038533781550552     
          12   2.2419726054985154        1.7348357897331959       0.30878618588115797     
          13   1.7240104445297051       0.38991391890762517       6.03978933227871436E-154
          14   1.8085045658370067       0.40261554088369733       6.01347001699906849E-154
          15   1.7363935257021148       0.33334748807180192       6.01347001699906849E-154
